4 1765356062 1.000000 1 1.000000 1.000000 1.000000
5 1765356062 0.000000 1 0.000000 0.000000 0.000000
6 1765356062 0.000000 1 0.000000 0.000000 0.000000
7 1765356062 0.000000 1 0.000000 0.000000 0.000000
4 1765356063 1.000000 1 1.000000 1.000000 1.000000
5 1765356063 0.000000 1 0.000000 0.000000 0.000000
6 1765356063 0.000000 1 0.000000 0.000000 0.000000
7 1765356063 0.000000 1 0.000000 0.000000 0.000000
4 1765356064 1.000000 1 1.000000 1.000000 1.000000
5 1765356064 0.000000 1 0.000000 0.000000 0.000000
6 1765356064 0.000000 1 0.000000 0.000000 0.000000
7 1765356064 0.000000 1 0.000000 0.000000 0.000000
4 1765356065 1.000000 1 1.000000 1.000000 1.000000
5 1765356065 0.000000 1 0.000000 0.000000 0.000000
6 1765356065 0.000000 1 0.000000 0.000000 0.000000
7 1765356065 0.000000 1 0.000000 0.000000 0.000000
4 1765356066 1.000000 1 1.000000 1.000000 1.000000
5 1765356066 0.000000 1 0.000000 0.000000 0.000000
6 1765356066 0.000000 1 0.000000 0.000000 0.000000
7 1765356066 0.000000 1 0.000000 0.000000 0.000000
4 1765356067 1.000000 1 1.000000 1.000000 1.000000
5 1765356067 0.000000 1 0.000000 0.000000 0.000000
6 1765356067 0.000000 1 0.000000 0.000000 0.000000
7 1765356067 0.000000 1 0.000000 0.000000 0.000000
4 1765356068 1.000000 1 1.000000 1.000000 1.000000
5 1765356068 0.000000 1 0.000000 0.000000 0.000000
6 1765356068 0.000000 1 0.000000 0.000000 0.000000
7 1765356068 0.000000 1 0.000000 0.000000 0.000000
4 1765356069 1.000000 1 1.000000 1.000000 1.000000
5 1765356069 0.000000 1 0.000000 0.000000 0.000000
6 1765356069 0.000000 1 0.000000 0.000000 0.000000
7 1765356069 0.000000 1 0.000000 0.000000 0.000000
4 1765356070 1.000000 1 1.000000 1.000000 1.000000
5 1765356070 0.000000 1 0.000000 0.000000 0.000000
6 1765356070 0.000000 1 0.000000 0.000000 0.000000
7 1765356070 0.000000 1 0.000000 0.000000 0.000000
4 1765356071 1.000000 1 1.000000 1.000000 1.000000
5 1765356071 0.000000 1 0.000000 0.000000 0.000000
6 1765356071 0.000000 1 0.000000 0.000000 0.000000
7 1765356071 0.000000 1 0.000000 0.000000 0.000000
4 1765356072 1.000000 1 1.000000 1.000000 1.000000
5 1765356072 0.000000 1 0.000000 0.000000 0.000000
6 1765356072 0.000000 1 0.000000 0.000000 0.000000
7 1765356072 0.000000 1 0.000000 0.000000 0.000000
4 1765356073 1.000000 1 1.000000 1.000000 1.000000
5 1765356073 0.000000 1 0.000000 0.000000 0.000000
6 1765356073 0.000000 1 0.000000 0.000000 0.000000
7 1765356073 0.000000 1 0.000000 0.000000 0.000000
4 1765356074 2.000000 1 2.000000 2.000000 2.000000
5 1765356074 0.000000 1 0.000000 0.000000 0.000000
6 1765356074 0.000000 1 0.000000 0.000000 0.000000
7 1765356074 0.000000 1 0.000000 0.000000 0.000000
4 1765356075 2.000000 1 2.000000 2.000000 2.000000
5 1765356075 0.000000 1 0.000000 0.000000 0.000000
6 1765356075 0.000000 1 0.000000 0.000000 0.000000
7 1765356075 0.000000 1 0.000000 0.000000 0.000000
4 1765356076 2.000000 1 2.000000 2.000000 2.000000
5 1765356076 0.000000 1 0.000000 0.000000 0.000000
6 1765356076 0.000000 1 0.000000 0.000000 0.000000
7 1765356076 0.000000 1 0.000000 0.000000 0.000000
4 1765356077 2.000000 1 2.000000 2.000000 2.000000
5 1765356077 0.000000 1 0.000000 0.000000 0.000000
6 1765356077 0.000000 1 0.000000 0.000000 0.000000
7 1765356077 0.000000 1 0.000000 0.000000 0.000000
4 1765356078 2.000000 1 2.000000 2.000000 2.000000
5 1765356078 0.000000 1 0.000000 0.000000 0.000000
6 1765356078 0.000000 1 0.000000 0.000000 0.000000
7 1765356078 0.000000 1 0.000000 0.000000 0.000000
4 1765356079 2.000000 1 2.000000 2.000000 2.000000
5 1765356079 0.000000 1 0.000000 0.000000 0.000000
6 1765356079 0.000000 1 0.000000 0.000000 0.000000
7 1765356079 0.000000 1 0.000000 0.000000 0.000000
4 1765356080 2.000000 1 2.000000 2.000000 2.000000
5 1765356080 0.000000 1 0.000000 0.000000 0.000000
6 1765356080 0.000000 1 0.000000 0.000000 0.000000
7 1765356080 0.000000 1 0.000000 0.000000 0.000000
4 1765356081 2.000000 1 2.000000 2.000000 2.000000
5 1765356081 0.000000 1 0.000000 0.000000 0.000000
6 1765356081 0.000000 1 0.000000 0.000000 0.000000
7 1765356081 0.000000 1 0.000000 0.000000 0.000000
4 1765356082 2.000000 1 2.000000 2.000000 2.000000
5 1765356082 0.000000 1 0.000000 0.000000 0.000000
6 1765356082 0.000000 1 0.000000 0.000000 0.000000
7 1765356082 0.000000 1 0.000000 0.000000 0.000000
4 1765356083 2.000000 1 2.000000 2.000000 2.000000
5 1765356083 0.000000 1 0.000000 0.000000 0.000000
6 1765356083 0.000000 1 0.000000 0.000000 0.000000
7 1765356083 0.000000 1 0.000000 0.000000 0.000000
4 1765356084 2.000000 1 2.000000 2.000000 2.000000
5 1765356084 0.000000 1 0.000000 0.000000 0.000000
6 1765356084 0.000000 1 0.000000 0.000000 0.000000
7 1765356084 0.000000 1 0.000000 0.000000 0.000000
4 1765356085 2.000000 1 2.000000 2.000000 2.000000
5 1765356085 0.000000 1 0.000000 0.000000 0.000000
6 1765356085 0.000000 1 0.000000 0.000000 0.000000
7 1765356085 0.000000 1 0.000000 0.000000 0.000000
4 1765356086 3.000000 1 3.000000 3.000000 3.000000
5 1765356086 0.000000 1 0.000000 0.000000 0.000000
6 1765356086 0.000000 1 0.000000 0.000000 0.000000
7 1765356086 0.000000 1 0.000000 0.000000 0.000000
4 1765356087 3.000000 1 3.000000 3.000000 3.000000
5 1765356087 0.000000 1 0.000000 0.000000 0.000000
6 1765356087 0.000000 1 0.000000 0.000000 0.000000
7 1765356087 0.000000 1 0.000000 0.000000 0.000000
4 1765356088 3.000000 1 3.000000 3.000000 3.000000
5 1765356088 0.000000 1 0.000000 0.000000 0.000000
6 1765356088 0.000000 1 0.000000 0.000000 0.000000
7 1765356088 0.000000 1 0.000000 0.000000 0.000000
4 1765356089 3.000000 1 3.000000 3.000000 3.000000
5 1765356089 0.000000 1 0.000000 0.000000 0.000000
6 1765356089 0.000000 1 0.000000 0.000000 0.000000
7 1765356089 0.000000 1 0.000000 0.000000 0.000000
4 1765356090 3.000000 1 3.000000 3.000000 3.000000
5 1765356090 0.000000 1 0.000000 0.000000 0.000000
6 1765356090 0.000000 1 0.000000 0.000000 0.000000
7 1765356090 0.000000 1 0.000000 0.000000 0.000000
4 1765356091 3.000000 1 3.000000 3.000000 3.000000
5 1765356091 0.000000 1 0.000000 0.000000 0.000000
6 1765356091 0.000000 1 0.000000 0.000000 0.000000
7 1765356091 0.000000 1 0.000000 0.000000 0.000000
4 1765356092 3.000000 1 3.000000 3.000000 3.000000
5 1765356092 0.000000 1 0.000000 0.000000 0.000000
6 1765356092 0.000000 1 0.000000 0.000000 0.000000
7 1765356092 0.000000 1 0.000000 0.000000 0.000000
4 1765356093 3.000000 1 3.000000 3.000000 3.000000
5 1765356093 0.000000 1 0.000000 0.000000 0.000000
6 1765356093 0.000000 1 0.000000 0.000000 0.000000
7 1765356093 0.000000 1 0.000000 0.000000 0.000000
4 1765356094 3.000000 1 3.000000 3.000000 3.000000
5 1765356094 0.000000 1 0.000000 0.000000 0.000000
6 1765356094 0.000000 1 0.000000 0.000000 0.000000
7 1765356094 0.000000 1 0.000000 0.000000 0.000000
4 1765356095 3.000000 1 3.000000 3.000000 3.000000
5 1765356095 0.000000 1 0.000000 0.000000 0.000000
6 1765356095 0.000000 1 0.000000 0.000000 0.000000
7 1765356095 0.000000 1 0.000000 0.000000 0.000000
4 1765356096 3.000000 1 3.000000 3.000000 3.000000
5 1765356096 0.000000 1 0.000000 0.000000 0.000000
6 1765356096 0.000000 1 0.000000 0.000000 0.000000
7 1765356096 0.000000 1 0.000000 0.000000 0.000000
4 1765356097 3.000000 1 3.000000 3.000000 3.000000
5 1765356097 0.000000 1 0.000000 0.000000 0.000000
6 1765356097 0.000000 1 0.000000 0.000000 0.000000
7 1765356097 0.000000 1 0.000000 0.000000 0.000000
4 1765356098 4.000000 1 4.000000 4.000000 4.000000
5 1765356098 0.000000 1 0.000000 0.000000 0.000000
6 1765356098 0.000000 1 0.000000 0.000000 0.000000
7 1765356098 0.000000 1 0.000000 0.000000 0.000000
4 1765356099 4.000000 1 4.000000 4.000000 4.000000
5 1765356099 0.000000 1 0.000000 0.000000 0.000000
6 1765356099 0.000000 1 0.000000 0.000000 0.000000
7 1765356099 0.000000 1 0.000000 0.000000 0.000000
4 1765356100 4.000000 1 4.000000 4.000000 4.000000
5 1765356100 0.000000 1 0.000000 0.000000 0.000000
6 1765356100 0.000000 1 0.000000 0.000000 0.000000
7 1765356100 0.000000 1 0.000000 0.000000 0.000000
4 1765356101 4.000000 1 4.000000 4.000000 4.000000
5 1765356101 0.000000 1 0.000000 0.000000 0.000000
6 1765356101 0.000000 1 0.000000 0.000000 0.000000
7 1765356101 0.000000 1 0.000000 0.000000 0.000000
4 1765356102 4.000000 1 4.000000 4.000000 4.000000
5 1765356102 0.000000 1 0.000000 0.000000 0.000000
6 1765356102 0.000000 1 0.000000 0.000000 0.000000
7 1765356102 0.000000 1 0.000000 0.000000 0.000000
4 1765356103 4.000000 1 4.000000 4.000000 4.000000
5 1765356103 0.000000 1 0.000000 0.000000 0.000000
6 1765356103 0.000000 1 0.000000 0.000000 0.000000
7 1765356103 0.000000 1 0.000000 0.000000 0.000000
4 1765356104 4.000000 1 4.000000 4.000000 4.000000
5 1765356104 0.000000 1 0.000000 0.000000 0.000000
6 1765356104 0.000000 1 0.000000 0.000000 0.000000
7 1765356104 0.000000 1 0.000000 0.000000 0.000000
4 1765356105 4.000000 1 4.000000 4.000000 4.000000
5 1765356105 0.000000 1 0.000000 0.000000 0.000000
6 1765356105 0.000000 1 0.000000 0.000000 0.000000
7 1765356105 0.000000 1 0.000000 0.000000 0.000000
4 1765356106 4.000000 1 4.000000 4.000000 4.000000
5 1765356106 0.000000 1 0.000000 0.000000 0.000000
6 1765356106 0.000000 1 0.000000 0.000000 0.000000
7 1765356106 0.000000 1 0.000000 0.000000 0.000000
4 1765356107 4.000000 1 4.000000 4.000000 4.000000
5 1765356107 0.000000 1 0.000000 0.000000 0.000000
6 1765356107 0.000000 1 0.000000 0.000000 0.000000
7 1765356107 0.000000 1 0.000000 0.000000 0.000000
4 1765356108 4.000000 1 4.000000 4.000000 4.000000
5 1765356108 0.000000 1 0.000000 0.000000 0.000000
6 1765356108 0.000000 1 0.000000 0.000000 0.000000
7 1765356108 0.000000 1 0.000000 0.000000 0.000000
4 1765356109 5.000000 1 5.000000 5.000000 5.000000
5 1765356109 0.000000 1 0.000000 0.000000 0.000000
6 1765356109 0.000000 1 0.000000 0.000000 0.000000
7 1765356109 0.000000 1 0.000000 0.000000 0.000000
4 1765356110 5.000000 1 5.000000 5.000000 5.000000
5 1765356110 0.000000 1 0.000000 0.000000 0.000000
6 1765356110 0.000000 1 0.000000 0.000000 0.000000
7 1765356110 0.000000 1 0.000000 0.000000 0.000000
4 1765356111 5.000000 1 5.000000 5.000000 5.000000
5 1765356111 0.000000 1 0.000000 0.000000 0.000000
6 1765356111 0.000000 1 0.000000 0.000000 0.000000
7 1765356111 0.000000 1 0.000000 0.000000 0.000000
4 1765356112 5.000000 1 5.000000 5.000000 5.000000
5 1765356112 0.000000 1 0.000000 0.000000 0.000000
6 1765356112 0.000000 1 0.000000 0.000000 0.000000
7 1765356112 0.000000 1 0.000000 0.000000 0.000000
4 1765356113 5.000000 1 5.000000 5.000000 5.000000
5 1765356113 0.000000 1 0.000000 0.000000 0.000000
6 1765356113 0.000000 1 0.000000 0.000000 0.000000
7 1765356113 0.000000 1 0.000000 0.000000 0.000000
4 1765356114 5.000000 1 5.000000 5.000000 5.000000
5 1765356114 0.000000 1 0.000000 0.000000 0.000000
6 1765356114 0.000000 1 0.000000 0.000000 0.000000
7 1765356114 0.000000 1 0.000000 0.000000 0.000000
4 1765356115 5.000000 1 5.000000 5.000000 5.000000
5 1765356115 0.000000 1 0.000000 0.000000 0.000000
6 1765356115 0.000000 1 0.000000 0.000000 0.000000
7 1765356115 0.000000 1 0.000000 0.000000 0.000000
4 1765356116 5.000000 1 5.000000 5.000000 5.000000
5 1765356116 0.000000 1 0.000000 0.000000 0.000000
6 1765356116 0.000000 1 0.000000 0.000000 0.000000
7 1765356116 0.000000 1 0.000000 0.000000 0.000000
4 1765356117 5.000000 1 5.000000 5.000000 5.000000
5 1765356117 0.000000 1 0.000000 0.000000 0.000000
6 1765356117 0.000000 1 0.000000 0.000000 0.000000
7 1765356117 0.000000 1 0.000000 0.000000 0.000000
4 1765356118 5.000000 1 5.000000 5.000000 5.000000
5 1765356118 0.000000 1 0.000000 0.000000 0.000000
6 1765356118 0.000000 1 0.000000 0.000000 0.000000
7 1765356118 0.000000 1 0.000000 0.000000 0.000000
4 1765356119 5.000000 1 5.000000 5.000000 5.000000
5 1765356119 0.000000 1 0.000000 0.000000 0.000000
6 1765356119 0.000000 1 0.000000 0.000000 0.000000
7 1765356119 0.000000 1 0.000000 0.000000 0.000000
4 1765356120 5.000000 1 5.000000 5.000000 5.000000
5 1765356120 0.000000 1 0.000000 0.000000 0.000000
6 1765356120 0.000000 1 0.000000 0.000000 0.000000
7 1765356120 0.000000 1 0.000000 0.000000 0.000000
4 1765356121 6.000000 1 6.000000 6.000000 6.000000
5 1765356121 0.000000 1 0.000000 0.000000 0.000000
6 1765356121 0.000000 1 0.000000 0.000000 0.000000
7 1765356121 0.000000 1 0.000000 0.000000 0.000000
4 1765356123 6.000000 1 6.000000 6.000000 6.000000
5 1765356123 0.000000 1 0.000000 0.000000 0.000000
6 1765356123 0.000000 1 0.000000 0.000000 0.000000
7 1765356123 0.000000 1 0.000000 0.000000 0.000000
4 1765356124 6.000000 1 6.000000 6.000000 6.000000
5 1765356124 0.000000 1 0.000000 0.000000 0.000000
6 1765356124 0.000000 1 0.000000 0.000000 0.000000
7 1765356124 0.000000 1 0.000000 0.000000 0.000000
4 1765356125 6.000000 1 6.000000 6.000000 6.000000
5 1765356125 0.000000 1 0.000000 0.000000 0.000000
6 1765356125 0.000000 1 0.000000 0.000000 0.000000
7 1765356125 0.000000 1 0.000000 0.000000 0.000000
4 1765356126 6.000000 1 6.000000 6.000000 6.000000
5 1765356126 0.000000 1 0.000000 0.000000 0.000000
6 1765356126 0.000000 1 0.000000 0.000000 0.000000
7 1765356126 0.000000 1 0.000000 0.000000 0.000000
4 1765356127 6.000000 1 6.000000 6.000000 6.000000
5 1765356127 0.000000 1 0.000000 0.000000 0.000000
6 1765356127 0.000000 1 0.000000 0.000000 0.000000
7 1765356127 0.000000 1 0.000000 0.000000 0.000000
4 1765356128 6.000000 1 6.000000 6.000000 6.000000
5 1765356128 0.000000 1 0.000000 0.000000 0.000000
6 1765356128 0.000000 1 0.000000 0.000000 0.000000
7 1765356128 0.000000 1 0.000000 0.000000 0.000000
4 1765356129 6.000000 1 6.000000 6.000000 6.000000
5 1765356129 0.000000 1 0.000000 0.000000 0.000000
6 1765356129 0.000000 1 0.000000 0.000000 0.000000
7 1765356129 0.000000 1 0.000000 0.000000 0.000000
4 1765356130 6.000000 1 6.000000 6.000000 6.000000
5 1765356130 0.000000 1 0.000000 0.000000 0.000000
6 1765356130 0.000000 1 0.000000 0.000000 0.000000
7 1765356130 0.000000 1 0.000000 0.000000 0.000000
4 1765356131 6.000000 1 6.000000 6.000000 6.000000
5 1765356131 0.000000 1 0.000000 0.000000 0.000000
6 1765356131 0.000000 1 0.000000 0.000000 0.000000
7 1765356131 0.000000 1 0.000000 0.000000 0.000000
4 1765356132 6.000000 1 6.000000 6.000000 6.000000
5 1765356132 0.000000 1 0.000000 0.000000 0.000000
6 1765356132 0.000000 1 0.000000 0.000000 0.000000
7 1765356132 0.000000 1 0.000000 0.000000 0.000000
4 1765356133 6.000000 1 6.000000 6.000000 6.000000
5 1765356133 0.000000 1 0.000000 0.000000 0.000000
6 1765356133 0.000000 1 0.000000 0.000000 0.000000
7 1765356133 0.000000 1 0.000000 0.000000 0.000000
4 1765356134 7.000000 1 7.000000 7.000000 7.000000
5 1765356134 0.000000 1 0.000000 0.000000 0.000000
6 1765356134 0.000000 1 0.000000 0.000000 0.000000
7 1765356134 0.000000 1 0.000000 0.000000 0.000000
4 1765356135 7.000000 1 7.000000 7.000000 7.000000
5 1765356135 0.000000 1 0.000000 0.000000 0.000000
6 1765356135 0.000000 1 0.000000 0.000000 0.000000
7 1765356135 0.000000 1 0.000000 0.000000 0.000000
4 1765356136 7.000000 1 7.000000 7.000000 7.000000
5 1765356136 0.000000 1 0.000000 0.000000 0.000000
6 1765356136 0.000000 1 0.000000 0.000000 0.000000
7 1765356136 0.000000 1 0.000000 0.000000 0.000000
4 1765356137 7.000000 1 7.000000 7.000000 7.000000
5 1765356137 0.000000 1 0.000000 0.000000 0.000000
6 1765356137 0.000000 1 0.000000 0.000000 0.000000
7 1765356137 0.000000 1 0.000000 0.000000 0.000000
4 1765356138 7.000000 1 7.000000 7.000000 7.000000
5 1765356138 0.000000 1 0.000000 0.000000 0.000000
6 1765356138 0.000000 1 0.000000 0.000000 0.000000
7 1765356138 0.000000 1 0.000000 0.000000 0.000000
4 1765356139 7.000000 1 7.000000 7.000000 7.000000
5 1765356139 0.000000 1 0.000000 0.000000 0.000000
6 1765356139 0.000000 1 0.000000 0.000000 0.000000
7 1765356139 0.000000 1 0.000000 0.000000 0.000000
4 1765356140 7.000000 1 7.000000 7.000000 7.000000
5 1765356140 0.000000 1 0.000000 0.000000 0.000000
6 1765356140 0.000000 1 0.000000 0.000000 0.000000
7 1765356140 0.000000 1 0.000000 0.000000 0.000000
4 1765356141 7.000000 1 7.000000 7.000000 7.000000
5 1765356141 0.000000 1 0.000000 0.000000 0.000000
6 1765356141 0.000000 1 0.000000 0.000000 0.000000
7 1765356141 0.000000 1 0.000000 0.000000 0.000000
4 1765356142 7.000000 1 7.000000 7.000000 7.000000
5 1765356142 0.000000 1 0.000000 0.000000 0.000000
6 1765356142 0.000000 1 0.000000 0.000000 0.000000
7 1765356142 0.000000 1 0.000000 0.000000 0.000000
4 1765356143 7.000000 1 7.000000 7.000000 7.000000
5 1765356143 0.000000 1 0.000000 0.000000 0.000000
6 1765356143 0.000000 1 0.000000 0.000000 0.000000
7 1765356143 0.000000 1 0.000000 0.000000 0.000000
4 1765356144 7.000000 1 7.000000 7.000000 7.000000
5 1765356144 0.000000 1 0.000000 0.000000 0.000000
6 1765356144 0.000000 1 0.000000 0.000000 0.000000
7 1765356144 0.000000 1 0.000000 0.000000 0.000000
4 1765356145 7.000000 1 7.000000 7.000000 7.000000
5 1765356145 0.000000 1 0.000000 0.000000 0.000000
6 1765356145 0.000000 1 0.000000 0.000000 0.000000
7 1765356145 0.000000 1 0.000000 0.000000 0.000000
4 1765356146 8.000000 1 8.000000 8.000000 8.000000
5 1765356146 0.000000 1 0.000000 0.000000 0.000000
6 1765356146 0.000000 1 0.000000 0.000000 0.000000
7 1765356146 0.000000 1 0.000000 0.000000 0.000000
4 1765356147 8.000000 1 8.000000 8.000000 8.000000
5 1765356147 0.000000 1 0.000000 0.000000 0.000000
6 1765356147 0.000000 1 0.000000 0.000000 0.000000
7 1765356147 0.000000 1 0.000000 0.000000 0.000000
4 1765356148 8.000000 1 8.000000 8.000000 8.000000
5 1765356148 0.000000 1 0.000000 0.000000 0.000000
6 1765356148 0.000000 1 0.000000 0.000000 0.000000
7 1765356148 0.000000 1 0.000000 0.000000 0.000000
4 1765356149 8.000000 1 8.000000 8.000000 8.000000
5 1765356149 0.000000 1 0.000000 0.000000 0.000000
6 1765356149 0.000000 1 0.000000 0.000000 0.000000
7 1765356149 0.000000 1 0.000000 0.000000 0.000000
4 1765356150 8.000000 1 8.000000 8.000000 8.000000
5 1765356150 0.000000 1 0.000000 0.000000 0.000000
6 1765356150 0.000000 1 0.000000 0.000000 0.000000
7 1765356150 0.000000 1 0.000000 0.000000 0.000000
4 1765356151 8.000000 1 8.000000 8.000000 8.000000
5 1765356151 0.000000 1 0.000000 0.000000 0.000000
6 1765356151 0.000000 1 0.000000 0.000000 0.000000
7 1765356151 0.000000 1 0.000000 0.000000 0.000000
4 1765356152 8.000000 1 8.000000 8.000000 8.000000
5 1765356152 0.000000 1 0.000000 0.000000 0.000000
6 1765356152 0.000000 1 0.000000 0.000000 0.000000
7 1765356152 0.000000 1 0.000000 0.000000 0.000000
4 1765356153 8.000000 1 8.000000 8.000000 8.000000
5 1765356153 0.000000 1 0.000000 0.000000 0.000000
6 1765356153 0.000000 1 0.000000 0.000000 0.000000
7 1765356153 0.000000 1 0.000000 0.000000 0.000000
4 1765356154 8.000000 1 8.000000 8.000000 8.000000
5 1765356154 0.000000 1 0.000000 0.000000 0.000000
6 1765356154 0.000000 1 0.000000 0.000000 0.000000
7 1765356154 0.000000 1 0.000000 0.000000 0.000000
4 1765356155 8.000000 1 8.000000 8.000000 8.000000
5 1765356155 0.000000 1 0.000000 0.000000 0.000000
6 1765356155 0.000000 1 0.000000 0.000000 0.000000
7 1765356155 0.000000 1 0.000000 0.000000 0.000000
4 1765356156 8.000000 1 8.000000 8.000000 8.000000
5 1765356156 0.000000 1 0.000000 0.000000 0.000000
6 1765356156 0.000000 1 0.000000 0.000000 0.000000
7 1765356156 0.000000 1 0.000000 0.000000 0.000000
4 1765356157 8.000000 1 8.000000 8.000000 8.000000
5 1765356157 0.000000 1 0.000000 0.000000 0.000000
6 1765356157 0.000000 1 0.000000 0.000000 0.000000
7 1765356157 0.000000 1 0.000000 0.000000 0.000000
4 1765356158 9.000000 1 9.000000 9.000000 9.000000
5 1765356158 0.000000 1 0.000000 0.000000 0.000000
6 1765356158 0.000000 1 0.000000 0.000000 0.000000
7 1765356158 0.000000 1 0.000000 0.000000 0.000000
4 1765356159 9.000000 1 9.000000 9.000000 9.000000
5 1765356159 0.000000 1 0.000000 0.000000 0.000000
6 1765356159 0.000000 1 0.000000 0.000000 0.000000
7 1765356159 0.000000 1 0.000000 0.000000 0.000000
4 1765356160 9.000000 1 9.000000 9.000000 9.000000
5 1765356160 0.000000 1 0.000000 0.000000 0.000000
6 1765356160 0.000000 1 0.000000 0.000000 0.000000
7 1765356160 0.000000 1 0.000000 0.000000 0.000000
4 1765356161 9.000000 1 9.000000 9.000000 9.000000
5 1765356161 0.000000 1 0.000000 0.000000 0.000000
6 1765356161 0.000000 1 0.000000 0.000000 0.000000
7 1765356161 0.000000 1 0.000000 0.000000 0.000000
4 1765356162 9.000000 1 9.000000 9.000000 9.000000
5 1765356162 0.000000 1 0.000000 0.000000 0.000000
6 1765356162 0.000000 1 0.000000 0.000000 0.000000
7 1765356162 0.000000 1 0.000000 0.000000 0.000000
4 1765356163 9.000000 1 9.000000 9.000000 9.000000
5 1765356163 0.000000 1 0.000000 0.000000 0.000000
6 1765356163 0.000000 1 0.000000 0.000000 0.000000
7 1765356163 0.000000 1 0.000000 0.000000 0.000000
4 1765356164 9.000000 1 9.000000 9.000000 9.000000
5 1765356164 0.000000 1 0.000000 0.000000 0.000000
6 1765356164 0.000000 1 0.000000 0.000000 0.000000
7 1765356164 0.000000 1 0.000000 0.000000 0.000000
4 1765356165 9.000000 1 9.000000 9.000000 9.000000
5 1765356165 0.000000 1 0.000000 0.000000 0.000000
6 1765356165 0.000000 1 0.000000 0.000000 0.000000
7 1765356165 0.000000 1 0.000000 0.000000 0.000000
4 1765356166 9.000000 1 9.000000 9.000000 9.000000
5 1765356166 0.000000 1 0.000000 0.000000 0.000000
6 1765356166 0.000000 1 0.000000 0.000000 0.000000
7 1765356166 0.000000 1 0.000000 0.000000 0.000000
4 1765356167 9.000000 1 9.000000 9.000000 9.000000
5 1765356167 0.000000 1 0.000000 0.000000 0.000000
6 1765356167 0.000000 1 0.000000 0.000000 0.000000
7 1765356167 0.000000 1 0.000000 0.000000 0.000000
4 1765356168 9.000000 1 9.000000 9.000000 9.000000
5 1765356168 0.000000 1 0.000000 0.000000 0.000000
6 1765356168 0.000000 1 0.000000 0.000000 0.000000
7 1765356168 0.000000 1 0.000000 0.000000 0.000000
4 1765356169 9.000000 1 9.000000 9.000000 9.000000
5 1765356169 0.000000 1 0.000000 0.000000 0.000000
6 1765356169 0.000000 1 0.000000 0.000000 0.000000
7 1765356169 0.000000 1 0.000000 0.000000 0.000000
4 1765356170 10.000000 1 10.000000 10.000000 10.000000
5 1765356170 0.000000 1 0.000000 0.000000 0.000000
6 1765356170 0.000000 1 0.000000 0.000000 0.000000
7 1765356170 0.000000 1 0.000000 0.000000 0.000000
4 1765356171 10.000000 1 10.000000 10.000000 10.000000
5 1765356171 0.000000 1 0.000000 0.000000 0.000000
6 1765356171 0.000000 1 0.000000 0.000000 0.000000
7 1765356171 0.000000 1 0.000000 0.000000 0.000000
4 1765356172 10.000000 1 10.000000 10.000000 10.000000
5 1765356172 0.000000 1 0.000000 0.000000 0.000000
6 1765356172 0.000000 1 0.000000 0.000000 0.000000
7 1765356172 0.000000 1 0.000000 0.000000 0.000000
4 1765356173 10.000000 1 10.000000 10.000000 10.000000
5 1765356173 0.000000 1 0.000000 0.000000 0.000000
6 1765356173 0.000000 1 0.000000 0.000000 0.000000
7 1765356173 0.000000 1 0.000000 0.000000 0.000000
4 1765356174 10.000000 1 10.000000 10.000000 10.000000
5 1765356174 0.000000 1 0.000000 0.000000 0.000000
6 1765356174 0.000000 1 0.000000 0.000000 0.000000
7 1765356174 0.000000 1 0.000000 0.000000 0.000000
4 1765356175 10.000000 1 10.000000 10.000000 10.000000
5 1765356175 0.000000 1 0.000000 0.000000 0.000000
6 1765356175 0.000000 1 0.000000 0.000000 0.000000
7 1765356175 0.000000 1 0.000000 0.000000 0.000000
4 1765356176 10.000000 1 10.000000 10.000000 10.000000
5 1765356176 0.000000 1 0.000000 0.000000 0.000000
6 1765356176 0.000000 1 0.000000 0.000000 0.000000
7 1765356176 0.000000 1 0.000000 0.000000 0.000000
4 1765356177 10.000000 1 10.000000 10.000000 10.000000
5 1765356177 0.000000 1 0.000000 0.000000 0.000000
6 1765356177 0.000000 1 0.000000 0.000000 0.000000
7 1765356177 0.000000 1 0.000000 0.000000 0.000000
4 1765356178 10.000000 1 10.000000 10.000000 10.000000
5 1765356178 0.000000 1 0.000000 0.000000 0.000000
6 1765356178 0.000000 1 0.000000 0.000000 0.000000
7 1765356178 0.000000 1 0.000000 0.000000 0.000000
4 1765356179 10.000000 1 10.000000 10.000000 10.000000
5 1765356179 0.000000 1 0.000000 0.000000 0.000000
6 1765356179 0.000000 1 0.000000 0.000000 0.000000
7 1765356179 0.000000 1 0.000000 0.000000 0.000000
4 1765356180 10.000000 1 10.000000 10.000000 10.000000
5 1765356180 0.000000 1 0.000000 0.000000 0.000000
6 1765356180 0.000000 1 0.000000 0.000000 0.000000
7 1765356180 0.000000 1 0.000000 0.000000 0.000000
4 1765356181 10.000000 1 10.000000 10.000000 10.000000
5 1765356181 0.000000 1 0.000000 0.000000 0.000000
6 1765356181 0.000000 1 0.000000 0.000000 0.000000
7 1765356181 0.000000 1 0.000000 0.000000 0.000000
4 1765356182 10.000000 1 10.000000 10.000000 10.000000
5 1765356182 0.000000 1 0.000000 0.000000 0.000000
6 1765356182 0.000000 1 0.000000 0.000000 0.000000
7 1765356182 0.000000 1 0.000000 0.000000 0.000000
4 1765356183 10.000000 1 10.000000 10.000000 10.000000
5 1765356183 0.000000 1 0.000000 0.000000 0.000000
6 1765356183 0.000000 1 0.000000 0.000000 0.000000
7 1765356183 0.000000 1 0.000000 0.000000 0.000000
4 1765356184 10.000000 1 10.000000 10.000000 10.000000
5 1765356184 0.000000 1 0.000000 0.000000 0.000000
6 1765356184 0.000000 1 0.000000 0.000000 0.000000
7 1765356184 0.000000 1 0.000000 0.000000 0.000000
4 1765356185 10.000000 1 10.000000 10.000000 10.000000
5 1765356185 0.000000 1 0.000000 0.000000 0.000000
6 1765356185 0.000000 1 0.000000 0.000000 0.000000
7 1765356185 0.000000 1 0.000000 0.000000 0.000000
4 1765356187 10.000000 1 10.000000 10.000000 10.000000
5 1765356187 0.000000 1 0.000000 0.000000 0.000000
6 1765356187 0.000000 1 0.000000 0.000000 0.000000
7 1765356187 0.000000 1 0.000000 0.000000 0.000000
4 1765356188 10.000000 1 10.000000 10.000000 10.000000
5 1765356188 0.000000 1 0.000000 0.000000 0.000000
6 1765356188 0.000000 1 0.000000 0.000000 0.000000
7 1765356188 0.000000 1 0.000000 0.000000 0.000000
4 1765356189 10.000000 1 10.000000 10.000000 10.000000
5 1765356189 0.000000 1 0.000000 0.000000 0.000000
6 1765356189 0.000000 1 0.000000 0.000000 0.000000
7 1765356189 0.000000 1 0.000000 0.000000 0.000000
4 1765356190 10.000000 1 10.000000 10.000000 10.000000
5 1765356190 0.000000 1 0.000000 0.000000 0.000000
6 1765356190 0.000000 1 0.000000 0.000000 0.000000
7 1765356190 0.000000 1 0.000000 0.000000 0.000000
4 1765356191 10.000000 1 10.000000 10.000000 10.000000
5 1765356191 0.000000 1 0.000000 0.000000 0.000000
6 1765356191 0.000000 1 0.000000 0.000000 0.000000
7 1765356191 0.000000 1 0.000000 0.000000 0.000000
4 1765356192 10.000000 1 10.000000 10.000000 10.000000
5 1765356192 0.000000 1 0.000000 0.000000 0.000000
6 1765356192 0.000000 1 0.000000 0.000000 0.000000
7 1765356192 0.000000 1 0.000000 0.000000 0.000000
4 1765356193 10.000000 1 10.000000 10.000000 10.000000
5 1765356193 0.000000 1 0.000000 0.000000 0.000000
6 1765356193 0.000000 1 0.000000 0.000000 0.000000
7 1765356193 0.000000 1 0.000000 0.000000 0.000000
4 1765356194 10.000000 1 10.000000 10.000000 10.000000
5 1765356194 0.000000 1 0.000000 0.000000 0.000000
6 1765356194 0.000000 1 0.000000 0.000000 0.000000
7 1765356194 0.000000 1 0.000000 0.000000 0.000000
4 1765356195 10.000000 1 10.000000 10.000000 10.000000
5 1765356195 0.000000 1 0.000000 0.000000 0.000000
6 1765356195 0.000000 1 0.000000 0.000000 0.000000
7 1765356195 0.000000 1 0.000000 0.000000 0.000000
4 1765356196 10.000000 1 10.000000 10.000000 10.000000
5 1765356196 0.000000 1 0.000000 0.000000 0.000000
6 1765356196 0.000000 1 0.000000 0.000000 0.000000
7 1765356196 0.000000 1 0.000000 0.000000 0.000000
4 1765356197 10.000000 1 10.000000 10.000000 10.000000
5 1765356197 0.000000 1 0.000000 0.000000 0.000000
6 1765356197 0.000000 1 0.000000 0.000000 0.000000
7 1765356197 0.000000 1 0.000000 0.000000 0.000000
4 1765356198 10.000000 1 10.000000 10.000000 10.000000
5 1765356198 0.000000 1 0.000000 0.000000 0.000000
6 1765356198 0.000000 1 0.000000 0.000000 0.000000
7 1765356198 0.000000 1 0.000000 0.000000 0.000000
4 1765356199 10.000000 1 10.000000 10.000000 10.000000
5 1765356199 0.000000 1 0.000000 0.000000 0.000000
6 1765356199 0.000000 1 0.000000 0.000000 0.000000
7 1765356199 0.000000 1 0.000000 0.000000 0.000000
4 1765356200 10.000000 1 10.000000 10.000000 10.000000
5 1765356200 0.000000 1 0.000000 0.000000 0.000000
6 1765356200 0.000000 1 0.000000 0.000000 0.000000
7 1765356200 0.000000 1 0.000000 0.000000 0.000000
4 1765356201 10.000000 1 10.000000 10.000000 10.000000
5 1765356201 0.000000 1 0.000000 0.000000 0.000000
6 1765356201 0.000000 1 0.000000 0.000000 0.000000
7 1765356201 0.000000 1 0.000000 0.000000 0.000000
4 1765356202 10.000000 1 10.000000 10.000000 10.000000
5 1765356202 0.000000 1 0.000000 0.000000 0.000000
6 1765356202 0.000000 1 0.000000 0.000000 0.000000
7 1765356202 0.000000 1 0.000000 0.000000 0.000000
4 1765356203 10.000000 1 10.000000 10.000000 10.000000
5 1765356203 0.000000 1 0.000000 0.000000 0.000000
6 1765356203 0.000000 1 0.000000 0.000000 0.000000
7 1765356203 0.000000 1 0.000000 0.000000 0.000000
4 1765356204 10.000000 1 10.000000 10.000000 10.000000
5 1765356204 0.000000 1 0.000000 0.000000 0.000000
6 1765356204 0.000000 1 0.000000 0.000000 0.000000
7 1765356204 0.000000 1 0.000000 0.000000 0.000000
4 1765356205 10.000000 1 10.000000 10.000000 10.000000
5 1765356205 0.000000 1 0.000000 0.000000 0.000000
6 1765356205 0.000000 1 0.000000 0.000000 0.000000
7 1765356205 0.000000 1 0.000000 0.000000 0.000000
4 1765356206 10.000000 1 10.000000 10.000000 10.000000
5 1765356206 0.000000 1 0.000000 0.000000 0.000000
6 1765356206 0.000000 1 0.000000 0.000000 0.000000
7 1765356206 0.000000 1 0.000000 0.000000 0.000000
4 1765356207 10.000000 1 10.000000 10.000000 10.000000
5 1765356207 0.000000 1 0.000000 0.000000 0.000000
6 1765356207 0.000000 1 0.000000 0.000000 0.000000
7 1765356207 0.000000 1 0.000000 0.000000 0.000000
4 1765356208 10.000000 1 10.000000 10.000000 10.000000
5 1765356208 0.000000 1 0.000000 0.000000 0.000000
6 1765356208 0.000000 1 0.000000 0.000000 0.000000
7 1765356208 0.000000 1 0.000000 0.000000 0.000000
4 1765356209 10.000000 1 10.000000 10.000000 10.000000
5 1765356209 0.000000 1 0.000000 0.000000 0.000000
6 1765356209 0.000000 1 0.000000 0.000000 0.000000
7 1765356209 0.000000 1 0.000000 0.000000 0.000000
4 1765356210 10.000000 1 10.000000 10.000000 10.000000
5 1765356210 0.000000 1 0.000000 0.000000 0.000000
6 1765356210 0.000000 1 0.000000 0.000000 0.000000
7 1765356210 0.000000 1 0.000000 0.000000 0.000000
4 1765356211 10.000000 1 10.000000 10.000000 10.000000
5 1765356211 0.000000 1 0.000000 0.000000 0.000000
6 1765356211 0.000000 1 0.000000 0.000000 0.000000
7 1765356211 0.000000 1 0.000000 0.000000 0.000000
4 1765356212 10.000000 1 10.000000 10.000000 10.000000
5 1765356212 0.000000 1 0.000000 0.000000 0.000000
6 1765356212 0.000000 1 0.000000 0.000000 0.000000
7 1765356212 0.000000 1 0.000000 0.000000 0.000000
4 1765356213 10.000000 1 10.000000 10.000000 10.000000
5 1765356213 0.000000 1 0.000000 0.000000 0.000000
6 1765356213 0.000000 1 0.000000 0.000000 0.000000
7 1765356213 0.000000 1 0.000000 0.000000 0.000000
4 1765356214 10.000000 1 10.000000 10.000000 10.000000
5 1765356214 0.000000 1 0.000000 0.000000 0.000000
6 1765356214 0.000000 1 0.000000 0.000000 0.000000
7 1765356214 0.000000 1 0.000000 0.000000 0.000000
4 1765356215 10.000000 1 10.000000 10.000000 10.000000
5 1765356215 0.000000 1 0.000000 0.000000 0.000000
6 1765356215 0.000000 1 0.000000 0.000000 0.000000
7 1765356215 0.000000 1 0.000000 0.000000 0.000000
4 1765356216 10.000000 1 10.000000 10.000000 10.000000
5 1765356216 0.000000 1 0.000000 0.000000 0.000000
6 1765356216 0.000000 1 0.000000 0.000000 0.000000
7 1765356216 0.000000 1 0.000000 0.000000 0.000000
4 1765356217 10.000000 1 10.000000 10.000000 10.000000
5 1765356217 0.000000 1 0.000000 0.000000 0.000000
6 1765356217 0.000000 1 0.000000 0.000000 0.000000
7 1765356217 0.000000 1 0.000000 0.000000 0.000000
4 1765356218 10.000000 1 10.000000 10.000000 10.000000
5 1765356218 0.000000 1 0.000000 0.000000 0.000000
6 1765356218 0.000000 1 0.000000 0.000000 0.000000
7 1765356218 0.000000 1 0.000000 0.000000 0.000000
4 1765356219 10.000000 1 10.000000 10.000000 10.000000
5 1765356219 0.000000 1 0.000000 0.000000 0.000000
6 1765356219 0.000000 1 0.000000 0.000000 0.000000
7 1765356219 0.000000 1 0.000000 0.000000 0.000000
4 1765356220 10.000000 1 10.000000 10.000000 10.000000
5 1765356220 0.000000 1 0.000000 0.000000 0.000000
6 1765356220 0.000000 1 0.000000 0.000000 0.000000
7 1765356220 0.000000 1 0.000000 0.000000 0.000000
4 1765356221 10.000000 1 10.000000 10.000000 10.000000
5 1765356221 0.000000 1 0.000000 0.000000 0.000000
6 1765356221 0.000000 1 0.000000 0.000000 0.000000
7 1765356221 0.000000 1 0.000000 0.000000 0.000000
4 1765356222 10.000000 1 10.000000 10.000000 10.000000
5 1765356222 0.000000 1 0.000000 0.000000 0.000000
6 1765356222 0.000000 1 0.000000 0.000000 0.000000
7 1765356222 0.000000 1 0.000000 0.000000 0.000000
4 1765356223 10.000000 1 10.000000 10.000000 10.000000
5 1765356223 0.000000 1 0.000000 0.000000 0.000000
6 1765356223 0.000000 1 0.000000 0.000000 0.000000
7 1765356223 0.000000 1 0.000000 0.000000 0.000000
4 1765356224 10.000000 1 10.000000 10.000000 10.000000
5 1765356224 0.000000 1 0.000000 0.000000 0.000000
6 1765356224 0.000000 1 0.000000 0.000000 0.000000
7 1765356224 0.000000 1 0.000000 0.000000 0.000000
4 1765356225 10.000000 1 10.000000 10.000000 10.000000
5 1765356225 0.000000 1 0.000000 0.000000 0.000000
6 1765356225 0.000000 1 0.000000 0.000000 0.000000
7 1765356225 0.000000 1 0.000000 0.000000 0.000000
4 1765356226 10.000000 1 10.000000 10.000000 10.000000
5 1765356226 0.000000 1 0.000000 0.000000 0.000000
6 1765356226 0.000000 1 0.000000 0.000000 0.000000
7 1765356226 0.000000 1 0.000000 0.000000 0.000000
4 1765356227 10.000000 1 10.000000 10.000000 10.000000
5 1765356227 0.000000 1 0.000000 0.000000 0.000000
6 1765356227 0.000000 1 0.000000 0.000000 0.000000
7 1765356227 0.000000 1 0.000000 0.000000 0.000000
4 1765356228 10.000000 1 10.000000 10.000000 10.000000
5 1765356228 0.000000 1 0.000000 0.000000 0.000000
6 1765356228 0.000000 1 0.000000 0.000000 0.000000
7 1765356228 0.000000 1 0.000000 0.000000 0.000000
4 1765356229 10.000000 1 10.000000 10.000000 10.000000
5 1765356229 0.000000 1 0.000000 0.000000 0.000000
6 1765356229 0.000000 1 0.000000 0.000000 0.000000
7 1765356229 0.000000 1 0.000000 0.000000 0.000000
4 1765356230 10.000000 1 10.000000 10.000000 10.000000
5 1765356230 0.000000 1 0.000000 0.000000 0.000000
6 1765356230 0.000000 1 0.000000 0.000000 0.000000
7 1765356230 0.000000 1 0.000000 0.000000 0.000000
4 1765356231 10.000000 1 10.000000 10.000000 10.000000
5 1765356231 0.000000 1 0.000000 0.000000 0.000000
6 1765356231 0.000000 1 0.000000 0.000000 0.000000
7 1765356231 0.000000 1 0.000000 0.000000 0.000000
4 1765356232 10.000000 1 10.000000 10.000000 10.000000
5 1765356232 0.000000 1 0.000000 0.000000 0.000000
6 1765356232 0.000000 1 0.000000 0.000000 0.000000
7 1765356232 0.000000 1 0.000000 0.000000 0.000000
4 1765356233 10.000000 1 10.000000 10.000000 10.000000
5 1765356233 0.000000 1 0.000000 0.000000 0.000000
6 1765356233 0.000000 1 0.000000 0.000000 0.000000
7 1765356233 0.000000 1 0.000000 0.000000 0.000000
4 1765356234 10.000000 1 10.000000 10.000000 10.000000
5 1765356234 0.000000 1 0.000000 0.000000 0.000000
6 1765356234 0.000000 1 0.000000 0.000000 0.000000
7 1765356234 0.000000 1 0.000000 0.000000 0.000000
4 1765356235 10.000000 1 10.000000 10.000000 10.000000
5 1765356235 0.000000 1 0.000000 0.000000 0.000000
6 1765356235 0.000000 1 0.000000 0.000000 0.000000
7 1765356235 0.000000 1 0.000000 0.000000 0.000000
4 1765356236 9.000000 1 9.000000 9.000000 9.000000
5 1765356236 0.000000 1 0.000000 0.000000 0.000000
6 1765356236 1.000000 1 1.000000 1.000000 1.000000
7 1765356236 0.000000 1 0.000000 0.000000 0.000000
4 1765356237 9.000000 1 9.000000 9.000000 9.000000
5 1765356237 0.000000 1 0.000000 0.000000 0.000000
6 1765356237 1.000000 1 1.000000 1.000000 1.000000
7 1765356237 0.000000 1 0.000000 0.000000 0.000000
4 1765356238 9.000000 1 9.000000 9.000000 9.000000
5 1765356238 0.000000 1 0.000000 0.000000 0.000000
6 1765356238 1.000000 1 1.000000 1.000000 1.000000
7 1765356238 0.000000 1 0.000000 0.000000 0.000000
4 1765356239 8.000000 1 8.000000 8.000000 8.000000
5 1765356239 0.000000 1 0.000000 0.000000 0.000000
6 1765356239 2.000000 1 2.000000 2.000000 2.000000
7 1765356239 0.000000 1 0.000000 0.000000 0.000000
4 1765356240 7.000000 1 7.000000 7.000000 7.000000
5 1765356240 0.000000 1 0.000000 0.000000 0.000000
6 1765356240 3.000000 1 3.000000 3.000000 3.000000
7 1765356240 0.000000 1 0.000000 0.000000 0.000000
4 1765356241 7.000000 1 7.000000 7.000000 7.000000
5 1765356241 0.000000 1 0.000000 0.000000 0.000000
6 1765356241 3.000000 1 3.000000 3.000000 3.000000
7 1765356241 0.000000 1 0.000000 0.000000 0.000000
4 1765356242 7.000000 1 7.000000 7.000000 7.000000
5 1765356242 0.000000 1 0.000000 0.000000 0.000000
6 1765356242 3.000000 1 3.000000 3.000000 3.000000
7 1765356242 0.000000 1 0.000000 0.000000 0.000000
4 1765356243 7.000000 1 7.000000 7.000000 7.000000
5 1765356243 0.000000 1 0.000000 0.000000 0.000000
6 1765356243 3.000000 1 3.000000 3.000000 3.000000
7 1765356243 0.000000 1 0.000000 0.000000 0.000000
4 1765356244 7.000000 1 7.000000 7.000000 7.000000
5 1765356244 0.000000 1 0.000000 0.000000 0.000000
6 1765356244 3.000000 1 3.000000 3.000000 3.000000
7 1765356244 0.000000 1 0.000000 0.000000 0.000000
4 1765356245 7.000000 1 7.000000 7.000000 7.000000
5 1765356245 0.000000 1 0.000000 0.000000 0.000000
6 1765356245 3.000000 1 3.000000 3.000000 3.000000
7 1765356245 0.000000 1 0.000000 0.000000 0.000000
4 1765356246 7.000000 1 7.000000 7.000000 7.000000
5 1765356246 0.000000 1 0.000000 0.000000 0.000000
6 1765356246 3.000000 1 3.000000 3.000000 3.000000
7 1765356246 0.000000 1 0.000000 0.000000 0.000000
4 1765356247 6.000000 1 6.000000 6.000000 6.000000
5 1765356247 0.000000 1 0.000000 0.000000 0.000000
6 1765356247 4.000000 1 4.000000 4.000000 4.000000
7 1765356247 0.000000 1 0.000000 0.000000 0.000000
4 1765356248 6.000000 1 6.000000 6.000000 6.000000
5 1765356248 0.000000 1 0.000000 0.000000 0.000000
6 1765356248 4.000000 1 4.000000 4.000000 4.000000
7 1765356248 0.000000 1 0.000000 0.000000 0.000000
4 1765356249 6.000000 1 6.000000 6.000000 6.000000
5 1765356249 0.000000 1 0.000000 0.000000 0.000000
6 1765356249 4.000000 1 4.000000 4.000000 4.000000
7 1765356249 0.000000 1 0.000000 0.000000 0.000000
4 1765356251 6.000000 1 6.000000 6.000000 6.000000
5 1765356251 0.000000 1 0.000000 0.000000 0.000000
6 1765356251 4.000000 1 4.000000 4.000000 4.000000
7 1765356251 0.000000 1 0.000000 0.000000 0.000000
4 1765356252 6.000000 1 6.000000 6.000000 6.000000
5 1765356252 0.000000 1 0.000000 0.000000 0.000000
6 1765356252 4.000000 1 4.000000 4.000000 4.000000
7 1765356252 0.000000 1 0.000000 0.000000 0.000000
4 1765356253 6.000000 1 6.000000 6.000000 6.000000
5 1765356253 0.000000 1 0.000000 0.000000 0.000000
6 1765356253 4.000000 1 4.000000 4.000000 4.000000
7 1765356253 0.000000 1 0.000000 0.000000 0.000000
4 1765356254 6.000000 1 6.000000 6.000000 6.000000
5 1765356254 0.000000 1 0.000000 0.000000 0.000000
6 1765356254 4.000000 1 4.000000 4.000000 4.000000
7 1765356254 0.000000 1 0.000000 0.000000 0.000000
4 1765356255 5.000000 1 5.000000 5.000000 5.000000
5 1765356255 0.000000 1 0.000000 0.000000 0.000000
6 1765356255 5.000000 1 5.000000 5.000000 5.000000
7 1765356255 0.000000 1 0.000000 0.000000 0.000000
4 1765356256 4.000000 1 4.000000 4.000000 4.000000
5 1765356256 0.000000 1 0.000000 0.000000 0.000000
6 1765356256 6.000000 1 6.000000 6.000000 6.000000
7 1765356256 0.000000 1 0.000000 0.000000 0.000000
4 1765356257 4.000000 1 4.000000 4.000000 4.000000
5 1765356257 0.000000 1 0.000000 0.000000 0.000000
6 1765356257 6.000000 1 6.000000 6.000000 6.000000
7 1765356257 0.000000 1 0.000000 0.000000 0.000000
4 1765356258 4.000000 1 4.000000 4.000000 4.000000
5 1765356258 0.000000 1 0.000000 0.000000 0.000000
6 1765356258 6.000000 1 6.000000 6.000000 6.000000
7 1765356258 0.000000 1 0.000000 0.000000 0.000000
4 1765356259 4.000000 1 4.000000 4.000000 4.000000
5 1765356259 0.000000 1 0.000000 0.000000 0.000000
6 1765356259 6.000000 1 6.000000 6.000000 6.000000
7 1765356259 0.000000 1 0.000000 0.000000 0.000000
4 1765356260 4.000000 1 4.000000 4.000000 4.000000
5 1765356260 0.000000 1 0.000000 0.000000 0.000000
6 1765356260 6.000000 1 6.000000 6.000000 6.000000
7 1765356260 0.000000 1 0.000000 0.000000 0.000000
4 1765356261 4.000000 1 4.000000 4.000000 4.000000
5 1765356261 0.000000 1 0.000000 0.000000 0.000000
6 1765356261 6.000000 1 6.000000 6.000000 6.000000
7 1765356261 0.000000 1 0.000000 0.000000 0.000000
4 1765356262 4.000000 1 4.000000 4.000000 4.000000
5 1765356262 0.000000 1 0.000000 0.000000 0.000000
6 1765356262 6.000000 1 6.000000 6.000000 6.000000
7 1765356262 0.000000 1 0.000000 0.000000 0.000000
4 1765356263 4.000000 1 4.000000 4.000000 4.000000
5 1765356263 0.000000 1 0.000000 0.000000 0.000000
6 1765356263 6.000000 1 6.000000 6.000000 6.000000
7 1765356263 0.000000 1 0.000000 0.000000 0.000000
4 1765356264 4.000000 1 4.000000 4.000000 4.000000
5 1765356264 0.000000 1 0.000000 0.000000 0.000000
6 1765356264 6.000000 1 6.000000 6.000000 6.000000
7 1765356264 0.000000 1 0.000000 0.000000 0.000000
4 1765356265 4.000000 1 4.000000 4.000000 4.000000
5 1765356265 0.000000 1 0.000000 0.000000 0.000000
6 1765356265 6.000000 1 6.000000 6.000000 6.000000
7 1765356265 0.000000 1 0.000000 0.000000 0.000000
4 1765356266 4.000000 1 4.000000 4.000000 4.000000
5 1765356266 0.000000 1 0.000000 0.000000 0.000000
6 1765356266 6.000000 1 6.000000 6.000000 6.000000
7 1765356266 0.000000 1 0.000000 0.000000 0.000000
4 1765356267 4.000000 1 4.000000 4.000000 4.000000
5 1765356267 0.000000 1 0.000000 0.000000 0.000000
6 1765356267 6.000000 1 6.000000 6.000000 6.000000
7 1765356267 0.000000 1 0.000000 0.000000 0.000000
4 1765356268 4.000000 1 4.000000 4.000000 4.000000
5 1765356268 0.000000 1 0.000000 0.000000 0.000000
6 1765356268 6.000000 1 6.000000 6.000000 6.000000
7 1765356268 0.000000 1 0.000000 0.000000 0.000000
4 1765356269 4.000000 1 4.000000 4.000000 4.000000
5 1765356269 0.000000 1 0.000000 0.000000 0.000000
6 1765356269 6.000000 1 6.000000 6.000000 6.000000
7 1765356269 0.000000 1 0.000000 0.000000 0.000000
4 1765356270 4.000000 1 4.000000 4.000000 4.000000
5 1765356270 0.000000 1 0.000000 0.000000 0.000000
6 1765356270 6.000000 1 6.000000 6.000000 6.000000
7 1765356270 0.000000 1 0.000000 0.000000 0.000000
4 1765356271 4.000000 1 4.000000 4.000000 4.000000
5 1765356271 0.000000 1 0.000000 0.000000 0.000000
6 1765356271 6.000000 1 6.000000 6.000000 6.000000
7 1765356271 0.000000 1 0.000000 0.000000 0.000000
4 1765356272 3.000000 1 3.000000 3.000000 3.000000
5 1765356272 0.000000 1 0.000000 0.000000 0.000000
6 1765356272 7.000000 1 7.000000 7.000000 7.000000
7 1765356272 0.000000 1 0.000000 0.000000 0.000000
4 1765356273 3.000000 1 3.000000 3.000000 3.000000
5 1765356273 0.000000 1 0.000000 0.000000 0.000000
6 1765356273 7.000000 1 7.000000 7.000000 7.000000
7 1765356273 0.000000 1 0.000000 0.000000 0.000000
4 1765356274 3.000000 1 3.000000 3.000000 3.000000
5 1765356274 0.000000 1 0.000000 0.000000 0.000000
6 1765356274 7.000000 1 7.000000 7.000000 7.000000
7 1765356274 0.000000 1 0.000000 0.000000 0.000000
4 1765356275 3.000000 1 3.000000 3.000000 3.000000
5 1765356275 0.000000 1 0.000000 0.000000 0.000000
6 1765356275 7.000000 1 7.000000 7.000000 7.000000
7 1765356275 0.000000 1 0.000000 0.000000 0.000000
4 1765356276 3.000000 1 3.000000 3.000000 3.000000
5 1765356276 0.000000 1 0.000000 0.000000 0.000000
6 1765356276 7.000000 1 7.000000 7.000000 7.000000
7 1765356276 0.000000 1 0.000000 0.000000 0.000000
4 1765356277 3.000000 1 3.000000 3.000000 3.000000
5 1765356277 0.000000 1 0.000000 0.000000 0.000000
6 1765356277 7.000000 1 7.000000 7.000000 7.000000
7 1765356277 0.000000 1 0.000000 0.000000 0.000000
4 1765356278 3.000000 1 3.000000 3.000000 3.000000
5 1765356278 0.000000 1 0.000000 0.000000 0.000000
6 1765356278 7.000000 1 7.000000 7.000000 7.000000
7 1765356278 0.000000 1 0.000000 0.000000 0.000000
4 1765356279 3.000000 1 3.000000 3.000000 3.000000
5 1765356279 0.000000 1 0.000000 0.000000 0.000000
6 1765356279 7.000000 1 7.000000 7.000000 7.000000
7 1765356279 0.000000 1 0.000000 0.000000 0.000000
4 1765356280 3.000000 1 3.000000 3.000000 3.000000
5 1765356280 0.000000 1 0.000000 0.000000 0.000000
6 1765356280 7.000000 1 7.000000 7.000000 7.000000
7 1765356280 0.000000 1 0.000000 0.000000 0.000000
4 1765356281 3.000000 1 3.000000 3.000000 3.000000
5 1765356281 0.000000 1 0.000000 0.000000 0.000000
6 1765356281 7.000000 1 7.000000 7.000000 7.000000
7 1765356281 0.000000 1 0.000000 0.000000 0.000000
4 1765356282 3.000000 1 3.000000 3.000000 3.000000
5 1765356282 0.000000 1 0.000000 0.000000 0.000000
6 1765356282 7.000000 1 7.000000 7.000000 7.000000
7 1765356282 0.000000 1 0.000000 0.000000 0.000000
4 1765356283 3.000000 1 3.000000 3.000000 3.000000
5 1765356283 0.000000 1 0.000000 0.000000 0.000000
6 1765356283 7.000000 1 7.000000 7.000000 7.000000
7 1765356283 0.000000 1 0.000000 0.000000 0.000000
4 1765356284 3.000000 1 3.000000 3.000000 3.000000
5 1765356284 0.000000 1 0.000000 0.000000 0.000000
6 1765356284 7.000000 1 7.000000 7.000000 7.000000
7 1765356284 0.000000 1 0.000000 0.000000 0.000000
4 1765356285 3.000000 1 3.000000 3.000000 3.000000
5 1765356285 0.000000 1 0.000000 0.000000 0.000000
6 1765356285 7.000000 1 7.000000 7.000000 7.000000
7 1765356285 0.000000 1 0.000000 0.000000 0.000000
4 1765356286 3.000000 1 3.000000 3.000000 3.000000
5 1765356286 0.000000 1 0.000000 0.000000 0.000000
6 1765356286 7.000000 1 7.000000 7.000000 7.000000
7 1765356286 0.000000 1 0.000000 0.000000 0.000000
4 1765356287 3.000000 1 3.000000 3.000000 3.000000
5 1765356287 0.000000 1 0.000000 0.000000 0.000000
6 1765356287 7.000000 1 7.000000 7.000000 7.000000
7 1765356287 0.000000 1 0.000000 0.000000 0.000000
4 1765356288 3.000000 1 3.000000 3.000000 3.000000
5 1765356288 0.000000 1 0.000000 0.000000 0.000000
6 1765356288 7.000000 1 7.000000 7.000000 7.000000
7 1765356288 0.000000 1 0.000000 0.000000 0.000000
4 1765356289 3.000000 1 3.000000 3.000000 3.000000
5 1765356289 0.000000 1 0.000000 0.000000 0.000000
6 1765356289 7.000000 1 7.000000 7.000000 7.000000
7 1765356289 0.000000 1 0.000000 0.000000 0.000000
4 1765356290 2.000000 1 2.000000 2.000000 2.000000
5 1765356290 0.000000 1 0.000000 0.000000 0.000000
6 1765356290 8.000000 1 8.000000 8.000000 8.000000
7 1765356290 0.000000 1 0.000000 0.000000 0.000000
4 1765356291 2.000000 1 2.000000 2.000000 2.000000
5 1765356291 0.000000 1 0.000000 0.000000 0.000000
6 1765356291 8.000000 1 8.000000 8.000000 8.000000
7 1765356291 0.000000 1 0.000000 0.000000 0.000000
4 1765356292 2.000000 1 2.000000 2.000000 2.000000
5 1765356292 0.000000 1 0.000000 0.000000 0.000000
6 1765356292 8.000000 1 8.000000 8.000000 8.000000
7 1765356292 0.000000 1 0.000000 0.000000 0.000000
4 1765356293 2.000000 1 2.000000 2.000000 2.000000
5 1765356293 0.000000 1 0.000000 0.000000 0.000000
6 1765356293 8.000000 1 8.000000 8.000000 8.000000
7 1765356293 0.000000 1 0.000000 0.000000 0.000000
4 1765356294 2.000000 1 2.000000 2.000000 2.000000
5 1765356294 0.000000 1 0.000000 0.000000 0.000000
6 1765356294 8.000000 1 8.000000 8.000000 8.000000
7 1765356294 0.000000 1 0.000000 0.000000 0.000000
4 1765356295 2.000000 1 2.000000 2.000000 2.000000
5 1765356295 0.000000 1 0.000000 0.000000 0.000000
6 1765356295 8.000000 1 8.000000 8.000000 8.000000
7 1765356295 0.000000 1 0.000000 0.000000 0.000000
4 1765356296 2.000000 1 2.000000 2.000000 2.000000
5 1765356296 0.000000 1 0.000000 0.000000 0.000000
6 1765356296 8.000000 1 8.000000 8.000000 8.000000
7 1765356296 0.000000 1 0.000000 0.000000 0.000000
4 1765356297 2.000000 1 2.000000 2.000000 2.000000
5 1765356297 0.000000 1 0.000000 0.000000 0.000000
6 1765356297 8.000000 1 8.000000 8.000000 8.000000
7 1765356297 0.000000 1 0.000000 0.000000 0.000000
4 1765356298 2.000000 1 2.000000 2.000000 2.000000
5 1765356298 0.000000 1 0.000000 0.000000 0.000000
6 1765356298 8.000000 1 8.000000 8.000000 8.000000
7 1765356298 0.000000 1 0.000000 0.000000 0.000000
4 1765356299 2.000000 1 2.000000 2.000000 2.000000
5 1765356299 0.000000 1 0.000000 0.000000 0.000000
6 1765356299 8.000000 1 8.000000 8.000000 8.000000
7 1765356299 0.000000 1 0.000000 0.000000 0.000000
4 1765356300 2.000000 1 2.000000 2.000000 2.000000
5 1765356300 0.000000 1 0.000000 0.000000 0.000000
6 1765356300 8.000000 1 8.000000 8.000000 8.000000
7 1765356300 0.000000 1 0.000000 0.000000 0.000000
4 1765356301 2.000000 1 2.000000 2.000000 2.000000
5 1765356301 0.000000 1 0.000000 0.000000 0.000000
6 1765356301 8.000000 1 8.000000 8.000000 8.000000
7 1765356301 0.000000 1 0.000000 0.000000 0.000000
4 1765356302 2.000000 1 2.000000 2.000000 2.000000
5 1765356302 0.000000 1 0.000000 0.000000 0.000000
6 1765356302 8.000000 1 8.000000 8.000000 8.000000
7 1765356302 0.000000 1 0.000000 0.000000 0.000000
4 1765356303 2.000000 1 2.000000 2.000000 2.000000
5 1765356303 0.000000 1 0.000000 0.000000 0.000000
6 1765356303 8.000000 1 8.000000 8.000000 8.000000
7 1765356303 0.000000 1 0.000000 0.000000 0.000000
4 1765356304 2.000000 1 2.000000 2.000000 2.000000
5 1765356304 0.000000 1 0.000000 0.000000 0.000000
6 1765356304 8.000000 1 8.000000 8.000000 8.000000
7 1765356304 0.000000 1 0.000000 0.000000 0.000000
4 1765356305 2.000000 1 2.000000 2.000000 2.000000
5 1765356305 0.000000 1 0.000000 0.000000 0.000000
6 1765356305 8.000000 1 8.000000 8.000000 8.000000
7 1765356305 0.000000 1 0.000000 0.000000 0.000000
4 1765356306 2.000000 1 2.000000 2.000000 2.000000
5 1765356306 0.000000 1 0.000000 0.000000 0.000000
6 1765356306 8.000000 1 8.000000 8.000000 8.000000
7 1765356306 0.000000 1 0.000000 0.000000 0.000000
4 1765356307 2.000000 1 2.000000 2.000000 2.000000
5 1765356307 0.000000 1 0.000000 0.000000 0.000000
6 1765356307 8.000000 1 8.000000 8.000000 8.000000
7 1765356307 0.000000 1 0.000000 0.000000 0.000000
4 1765356308 2.000000 1 2.000000 2.000000 2.000000
5 1765356308 0.000000 1 0.000000 0.000000 0.000000
6 1765356308 8.000000 1 8.000000 8.000000 8.000000
7 1765356308 0.000000 1 0.000000 0.000000 0.000000
4 1765356309 2.000000 1 2.000000 2.000000 2.000000
5 1765356309 0.000000 1 0.000000 0.000000 0.000000
6 1765356309 8.000000 1 8.000000 8.000000 8.000000
7 1765356309 0.000000 1 0.000000 0.000000 0.000000
4 1765356310 2.000000 1 2.000000 2.000000 2.000000
5 1765356310 0.000000 1 0.000000 0.000000 0.000000
6 1765356310 8.000000 1 8.000000 8.000000 8.000000
7 1765356310 0.000000 1 0.000000 0.000000 0.000000
4 1765356311 2.000000 1 2.000000 2.000000 2.000000
5 1765356311 0.000000 1 0.000000 0.000000 0.000000
6 1765356311 8.000000 1 8.000000 8.000000 8.000000
7 1765356311 0.000000 1 0.000000 0.000000 0.000000
4 1765356312 2.000000 1 2.000000 2.000000 2.000000
5 1765356312 0.000000 1 0.000000 0.000000 0.000000
6 1765356312 8.000000 1 8.000000 8.000000 8.000000
7 1765356312 0.000000 1 0.000000 0.000000 0.000000
4 1765356314 2.000000 1 2.000000 2.000000 2.000000
5 1765356314 0.000000 1 0.000000 0.000000 0.000000
6 1765356314 8.000000 1 8.000000 8.000000 8.000000
7 1765356314 0.000000 1 0.000000 0.000000 0.000000
4 1765356315 2.000000 1 2.000000 2.000000 2.000000
5 1765356315 0.000000 1 0.000000 0.000000 0.000000
6 1765356315 8.000000 1 8.000000 8.000000 8.000000
7 1765356315 0.000000 1 0.000000 0.000000 0.000000
4 1765356316 2.000000 1 2.000000 2.000000 2.000000
5 1765356316 0.000000 1 0.000000 0.000000 0.000000
6 1765356316 8.000000 1 8.000000 8.000000 8.000000
7 1765356316 0.000000 1 0.000000 0.000000 0.000000
4 1765356317 2.000000 1 2.000000 2.000000 2.000000
5 1765356317 0.000000 1 0.000000 0.000000 0.000000
6 1765356317 8.000000 1 8.000000 8.000000 8.000000
7 1765356317 0.000000 1 0.000000 0.000000 0.000000
4 1765356318 2.000000 1 2.000000 2.000000 2.000000
5 1765356318 0.000000 1 0.000000 0.000000 0.000000
6 1765356318 8.000000 1 8.000000 8.000000 8.000000
7 1765356318 0.000000 1 0.000000 0.000000 0.000000
4 1765356319 2.000000 1 2.000000 2.000000 2.000000
5 1765356319 0.000000 1 0.000000 0.000000 0.000000
6 1765356319 8.000000 1 8.000000 8.000000 8.000000
7 1765356319 0.000000 1 0.000000 0.000000 0.000000
4 1765356320 2.000000 1 2.000000 2.000000 2.000000
5 1765356320 0.000000 1 0.000000 0.000000 0.000000
6 1765356320 8.000000 1 8.000000 8.000000 8.000000
7 1765356320 0.000000 1 0.000000 0.000000 0.000000
4 1765356321 2.000000 1 2.000000 2.000000 2.000000
5 1765356321 0.000000 1 0.000000 0.000000 0.000000
6 1765356321 8.000000 1 8.000000 8.000000 8.000000
7 1765356321 0.000000 1 0.000000 0.000000 0.000000
4 1765356322 2.000000 1 2.000000 2.000000 2.000000
5 1765356322 0.000000 1 0.000000 0.000000 0.000000
6 1765356322 8.000000 1 8.000000 8.000000 8.000000
7 1765356322 0.000000 1 0.000000 0.000000 0.000000
4 1765356323 2.000000 1 2.000000 2.000000 2.000000
5 1765356323 0.000000 1 0.000000 0.000000 0.000000
6 1765356323 8.000000 1 8.000000 8.000000 8.000000
7 1765356323 0.000000 1 0.000000 0.000000 0.000000
4 1765356324 2.000000 1 2.000000 2.000000 2.000000
5 1765356324 0.000000 1 0.000000 0.000000 0.000000
6 1765356324 8.000000 1 8.000000 8.000000 8.000000
7 1765356324 0.000000 1 0.000000 0.000000 0.000000
4 1765356325 2.000000 1 2.000000 2.000000 2.000000
5 1765356325 0.000000 1 0.000000 0.000000 0.000000
6 1765356325 8.000000 1 8.000000 8.000000 8.000000
7 1765356325 0.000000 1 0.000000 0.000000 0.000000
4 1765356326 2.000000 1 2.000000 2.000000 2.000000
5 1765356326 0.000000 1 0.000000 0.000000 0.000000
6 1765356326 8.000000 1 8.000000 8.000000 8.000000
7 1765356326 0.000000 1 0.000000 0.000000 0.000000
4 1765356327 2.000000 1 2.000000 2.000000 2.000000
5 1765356327 0.000000 1 0.000000 0.000000 0.000000
6 1765356327 8.000000 1 8.000000 8.000000 8.000000
7 1765356327 0.000000 1 0.000000 0.000000 0.000000
4 1765356328 2.000000 1 2.000000 2.000000 2.000000
5 1765356328 0.000000 1 0.000000 0.000000 0.000000
6 1765356328 8.000000 1 8.000000 8.000000 8.000000
7 1765356328 0.000000 1 0.000000 0.000000 0.000000
4 1765356329 2.000000 1 2.000000 2.000000 2.000000
5 1765356329 0.000000 1 0.000000 0.000000 0.000000
6 1765356329 8.000000 1 8.000000 8.000000 8.000000
7 1765356329 0.000000 1 0.000000 0.000000 0.000000
4 1765356330 2.000000 1 2.000000 2.000000 2.000000
5 1765356330 0.000000 1 0.000000 0.000000 0.000000
6 1765356330 8.000000 1 8.000000 8.000000 8.000000
7 1765356330 0.000000 1 0.000000 0.000000 0.000000
4 1765356331 2.000000 1 2.000000 2.000000 2.000000
5 1765356331 0.000000 1 0.000000 0.000000 0.000000
6 1765356331 8.000000 1 8.000000 8.000000 8.000000
7 1765356331 0.000000 1 0.000000 0.000000 0.000000
4 1765356332 2.000000 1 2.000000 2.000000 2.000000
5 1765356332 0.000000 1 0.000000 0.000000 0.000000
6 1765356332 8.000000 1 8.000000 8.000000 8.000000
7 1765356332 0.000000 1 0.000000 0.000000 0.000000
4 1765356333 2.000000 1 2.000000 2.000000 2.000000
5 1765356333 0.000000 1 0.000000 0.000000 0.000000
6 1765356333 8.000000 1 8.000000 8.000000 8.000000
7 1765356333 0.000000 1 0.000000 0.000000 0.000000
4 1765356334 2.000000 1 2.000000 2.000000 2.000000
5 1765356334 0.000000 1 0.000000 0.000000 0.000000
6 1765356334 8.000000 1 8.000000 8.000000 8.000000
7 1765356334 0.000000 1 0.000000 0.000000 0.000000
4 1765356335 2.000000 1 2.000000 2.000000 2.000000
5 1765356335 0.000000 1 0.000000 0.000000 0.000000
6 1765356335 8.000000 1 8.000000 8.000000 8.000000
7 1765356335 0.000000 1 0.000000 0.000000 0.000000
4 1765356336 2.000000 1 2.000000 2.000000 2.000000
5 1765356336 0.000000 1 0.000000 0.000000 0.000000
6 1765356336 8.000000 1 8.000000 8.000000 8.000000
7 1765356336 0.000000 1 0.000000 0.000000 0.000000
4 1765356337 2.000000 1 2.000000 2.000000 2.000000
5 1765356337 0.000000 1 0.000000 0.000000 0.000000
6 1765356337 8.000000 1 8.000000 8.000000 8.000000
7 1765356337 0.000000 1 0.000000 0.000000 0.000000
4 1765356338 2.000000 1 2.000000 2.000000 2.000000
5 1765356338 0.000000 1 0.000000 0.000000 0.000000
6 1765356338 8.000000 1 8.000000 8.000000 8.000000
7 1765356338 0.000000 1 0.000000 0.000000 0.000000
4 1765356339 2.000000 1 2.000000 2.000000 2.000000
5 1765356339 0.000000 1 0.000000 0.000000 0.000000
6 1765356339 8.000000 1 8.000000 8.000000 8.000000
7 1765356339 0.000000 1 0.000000 0.000000 0.000000
4 1765356340 2.000000 1 2.000000 2.000000 2.000000
5 1765356340 0.000000 1 0.000000 0.000000 0.000000
6 1765356340 8.000000 1 8.000000 8.000000 8.000000
7 1765356340 0.000000 1 0.000000 0.000000 0.000000
4 1765356341 2.000000 1 2.000000 2.000000 2.000000
5 1765356341 0.000000 1 0.000000 0.000000 0.000000
6 1765356341 8.000000 1 8.000000 8.000000 8.000000
7 1765356341 0.000000 1 0.000000 0.000000 0.000000
4 1765356342 2.000000 1 2.000000 2.000000 2.000000
5 1765356342 0.000000 1 0.000000 0.000000 0.000000
6 1765356342 8.000000 1 8.000000 8.000000 8.000000
7 1765356342 0.000000 1 0.000000 0.000000 0.000000
4 1765356343 2.000000 1 2.000000 2.000000 2.000000
5 1765356343 0.000000 1 0.000000 0.000000 0.000000
6 1765356343 8.000000 1 8.000000 8.000000 8.000000
7 1765356343 0.000000 1 0.000000 0.000000 0.000000
4 1765356344 2.000000 1 2.000000 2.000000 2.000000
5 1765356344 0.000000 1 0.000000 0.000000 0.000000
6 1765356344 8.000000 1 8.000000 8.000000 8.000000
7 1765356344 0.000000 1 0.000000 0.000000 0.000000
4 1765356345 2.000000 1 2.000000 2.000000 2.000000
5 1765356345 0.000000 1 0.000000 0.000000 0.000000
6 1765356345 8.000000 1 8.000000 8.000000 8.000000
7 1765356345 0.000000 1 0.000000 0.000000 0.000000
4 1765356346 2.000000 1 2.000000 2.000000 2.000000
5 1765356346 0.000000 1 0.000000 0.000000 0.000000
6 1765356346 8.000000 1 8.000000 8.000000 8.000000
7 1765356346 0.000000 1 0.000000 0.000000 0.000000
4 1765356347 2.000000 1 2.000000 2.000000 2.000000
5 1765356347 0.000000 1 0.000000 0.000000 0.000000
6 1765356347 8.000000 1 8.000000 8.000000 8.000000
7 1765356347 0.000000 1 0.000000 0.000000 0.000000
4 1765356348 2.000000 1 2.000000 2.000000 2.000000
5 1765356348 0.000000 1 0.000000 0.000000 0.000000
6 1765356348 8.000000 1 8.000000 8.000000 8.000000
7 1765356348 0.000000 1 0.000000 0.000000 0.000000
4 1765356349 2.000000 1 2.000000 2.000000 2.000000
5 1765356349 0.000000 1 0.000000 0.000000 0.000000
6 1765356349 8.000000 1 8.000000 8.000000 8.000000
7 1765356349 0.000000 1 0.000000 0.000000 0.000000
4 1765356350 2.000000 1 2.000000 2.000000 2.000000
5 1765356350 0.000000 1 0.000000 0.000000 0.000000
6 1765356350 8.000000 1 8.000000 8.000000 8.000000
7 1765356350 0.000000 1 0.000000 0.000000 0.000000
4 1765356351 2.000000 1 2.000000 2.000000 2.000000
5 1765356351 0.000000 1 0.000000 0.000000 0.000000
6 1765356351 8.000000 1 8.000000 8.000000 8.000000
7 1765356351 0.000000 1 0.000000 0.000000 0.000000
4 1765356352 2.000000 1 2.000000 2.000000 2.000000
5 1765356352 0.000000 1 0.000000 0.000000 0.000000
6 1765356352 8.000000 1 8.000000 8.000000 8.000000
7 1765356352 0.000000 1 0.000000 0.000000 0.000000
4 1765356353 2.000000 1 2.000000 2.000000 2.000000
5 1765356353 0.000000 1 0.000000 0.000000 0.000000
6 1765356353 8.000000 1 8.000000 8.000000 8.000000
7 1765356353 0.000000 1 0.000000 0.000000 0.000000
4 1765356354 2.000000 1 2.000000 2.000000 2.000000
5 1765356354 0.000000 1 0.000000 0.000000 0.000000
6 1765356354 8.000000 1 8.000000 8.000000 8.000000
7 1765356354 0.000000 1 0.000000 0.000000 0.000000
4 1765356355 2.000000 1 2.000000 2.000000 2.000000
5 1765356355 0.000000 1 0.000000 0.000000 0.000000
6 1765356355 8.000000 1 8.000000 8.000000 8.000000
7 1765356355 0.000000 1 0.000000 0.000000 0.000000
4 1765356356 1.000000 1 1.000000 1.000000 1.000000
5 1765356356 0.000000 1 0.000000 0.000000 0.000000
6 1765356356 9.000000 1 9.000000 9.000000 9.000000
7 1765356356 0.000000 1 0.000000 0.000000 0.000000
4 1765356357 1.000000 1 1.000000 1.000000 1.000000
5 1765356357 0.000000 1 0.000000 0.000000 0.000000
6 1765356357 9.000000 1 9.000000 9.000000 9.000000
7 1765356357 0.000000 1 0.000000 0.000000 0.000000
4 1765356358 1.000000 1 1.000000 1.000000 1.000000
5 1765356358 0.000000 1 0.000000 0.000000 0.000000
6 1765356358 9.000000 1 9.000000 9.000000 9.000000
7 1765356358 0.000000 1 0.000000 0.000000 0.000000
4 1765356359 0.000000 1 0.000000 0.000000 0.000000
5 1765356359 0.000000 1 0.000000 0.000000 0.000000
6 1765356359 10.000000 1 10.000000 10.000000 10.000000
7 1765356359 0.000000 1 0.000000 0.000000 0.000000
