10 1765356061 0.000273 1 0.000273 0.000273 0.000273
10 1765356071 0.000227 1 0.000227 0.000227 0.000227
19 1765356076 17.446529 1 17.446529 17.446529 17.446529
19 1765356081 7.657531 1 7.657531 7.657531 7.657531
22 1765356081 4.302014 1 4.302014 4.302014 4.302014
24 1765356081 2.476495 1 2.476495 2.476495 2.476495
22 1765356086 8.144254 1 8.144254 8.144254 8.144254
10 1765356081 0.000245 1 0.000245 0.000245 0.000245
24 1765356091 2.640333 1 2.640333 2.640333 2.640333
26 1765356096 13.654199 1 13.654199 13.654199 13.654199
10 1765356096 0.000226 1 0.000226 0.000226 0.000226
19 1765356101 11.997569 2 11.997569 11.997569 11.997569
28 1765356101 2.615353 1 2.615353 2.615353 2.615353
24 1765356106 2.464823 1 2.464823 2.464823 2.464823
26 1765356101 13.785221 1 13.785221 13.785221 13.785221
19 1765356106 7.455414 1 7.455414 7.455414 7.455414
28 1765356106 1.269528 1 1.269528 1.269528 1.269528
22 1765356106 4.620527 2 4.620527 4.620527 4.620527
10 1765356106 0.000389 1 0.000389 0.000389 0.000389
24 1765356111 2.585948 2 2.585948 2.585948 2.585948
19 1765356111 7.879700 1 7.879700 7.879700 7.879700
22 1765356111 2.883402 1 2.883402 2.883402 2.883402
24 1765356116 2.199525 1 2.199525 2.199525 2.199525
19 1765356116 9.275066 1 9.275066 9.275066 9.275066
22 1765356116 2.656654 1 2.656654 2.656654 2.656654
24 1765356121 1.508351 1 1.508351 1.508351 1.508351
26 1765356121 12.501206 2 12.501206 12.501206 12.501206
28 1765356121 1.125437 1 1.125437 1.125437 1.125437
22 1765356121 3.120575 1 3.120575 3.120575 3.120575
10 1765356121 0.000231 1 0.000231 0.000231 0.000231
26 1765356121 10.742366 1 10.742366 10.742366 10.742366
19 1765356126 7.716013 1 7.716013 7.716013 7.716013
28 1765356126 3.993467 2 3.993467 3.993467 3.993467
26 1765356131 11.474150 1 11.474150 11.474150 11.474150
28 1765356131 1.218943 1 1.218943 1.218943 1.218943
22 1765356131 3.900207 1 3.900207 3.900207 3.900207
10 1765356131 0.000236 1 0.000236 0.000236 0.000236
24 1765356131 2.283888 1 2.283888 2.283888 2.283888
24 1765356136 1.514190 1 1.514190 1.514190 1.514190
26 1765356136 12.656232 1 12.656232 12.656232 12.656232
19 1765356136 9.924040 4 9.924040 9.924040 9.924040
28 1765356136 0.925682 1 0.925682 0.925682 0.925682
22 1765356136 2.830196 2 2.830196 2.830196 2.830196
24 1765356141 2.730041 2 2.730041 2.730041 2.730041
19 1765356141 10.518515 1 10.518515 10.518515 10.518515
22 1765356141 2.212336 2 2.212336 2.212336 2.212336
24 1765356146 2.665223 2 2.665223 2.665223 2.665223
19 1765356146 10.657122 1 10.657122 10.657122 10.657122
22 1765356146 2.080822 2 2.080822 2.080822 2.080822
10 1765356141 0.000345 1 0.000345 0.000345 0.000345
24 1765356151 4.599551 1 4.599551 4.599551 4.599551
26 1765356151 11.060995 3 11.060995 11.060995 11.060995
19 1765356151 6.970247 1 6.970247 6.970247 6.970247
28 1765356151 1.175032 3 1.175032 1.175032 1.175032
22 1765356151 2.778351 1 2.778351 2.778351 2.778351
24 1765356156 1.392967 1 1.392967 1.392967 1.392967
26 1765356156 12.688956 1 12.688956 12.688956 12.688956
19 1765356156 5.892552 1 5.892552 5.892552 5.892552
28 1765356156 0.716271 1 0.716271 0.716271 0.716271
10 1765356156 0.000389 1 0.000389 0.000389 0.000389
24 1765356161 1.810174 1 1.810174 1.810174 1.810174
26 1765356156 11.986670 1 11.986670 11.986670 11.986670
26 1765356161 10.672562 1 10.672562 10.672562 10.672562
19 1765356161 6.910392 2 6.910392 6.910392 6.910392
28 1765356161 1.811013 1 1.811013 1.811013 1.811013
22 1765356161 2.562873 2 2.562873 2.562873 2.562873
24 1765356166 1.468093 1 1.468093 1.468093 1.468093
26 1765356166 11.168993 1 11.168993 11.168993 11.168993
19 1765356166 8.582902 1 8.582902 8.582902 8.582902
28 1765356166 1.134392 2 1.134392 1.134392 1.134392
22 1765356166 1.874067 1 1.874067 1.874067 1.874067
10 1765356166 0.000256 1 0.000256 0.000256 0.000256
24 1765356171 8.661240 1 8.661240 8.661240 8.661240
26 1765356171 24.668739 2 24.668739 24.668739 24.668739
19 1765356171 10.133259 4 10.133259 10.133259 10.133259
28 1765356171 0.927789 1 0.927789 0.927789 0.927789
22 1765356171 3.434443 3 3.434443 3.434443 3.434443
24 1765356176 1.956707 4 1.956707 1.956707 1.956707
26 1765356176 11.187653 1 11.187653 11.187653 11.187653
19 1765356176 4.836854 1 4.836854 4.836854 4.836854
28 1765356171 0.720905 1 0.720905 0.720905 0.720905
28 1765356176 0.753199 1 0.753199 0.753199 0.753199
22 1765356176 2.401877 2 2.401877 2.401877 2.401877
24 1765356181 4.620910 3 4.620910 4.620910 4.620910
19 1765356181 6.258538 1 6.258538 6.258538 6.258538
22 1765356181 1.910796 2 1.910796 1.910796 1.910796
26 1765356186 10.840665 2 10.840665 10.840665 10.840665
28 1765356186 0.703516 2 0.703516 0.703516 0.703516
26 1765356191 10.902114 2 10.902114 10.902114 10.902114
19 1765356191 15.188293 1 15.188293 15.188293 15.188293
28 1765356191 1.585018 1 1.585018 1.585018 1.585018
24 1765356196 2.847700 1 2.847700 2.847700 2.847700
26 1765356196 11.113920 1 11.113920 11.113920 11.113920
28 1765356196 0.712933 2 0.712933 0.712933 0.712933
22 1765356196 2.197055 1 2.197055 2.197055 2.197055
19 1765356196 12.324493 1 12.324493 12.324493 12.324493
19 1765356201 13.672050 2 13.672050 13.672050 13.672050
24 1765356206 1.202778 1 1.202778 1.202778 1.202778
26 1765356206 33.373510 1 33.373510 33.373510 33.373510
22 1765356206 4.075402 3 4.075402 4.075402 4.075402
24 1765356206 2.334142 1 2.334142 2.334142 2.334142
24 1765356211 1.208841 1 1.208841 1.208841 1.208841
26 1765356211 24.574386 2 24.574386 24.574386 24.574386
19 1765356211 14.741235 1 14.741235 14.741235 14.741235
28 1765356211 1.106294 2 1.106294 1.106294 1.106294
22 1765356211 2.366725 1 2.366725 2.366725 2.366725
24 1765356216 9.509742 1 9.509742 9.509742 9.509742
26 1765356216 10.540535 1 10.540535 10.540535 10.540535
19 1765356216 7.292874 2 7.292874 7.292874 7.292874
24 1765356221 2.708996 1 2.708996 2.708996 2.708996
26 1765356221 11.404716 1 11.404716 11.404716 11.404716
19 1765356221 25.105967 1 25.105967 25.105967 25.105967
28 1765356216 0.749216 1 0.749216 0.749216 0.749216
28 1765356221 1.356239 1 1.356239 1.356239 1.356239
22 1765356221 3.920835 2 3.920835 3.920835 3.920835
24 1765356226 1.487941 2 1.487941 1.487941 1.487941
26 1765356221 10.601277 1 10.601277 10.601277 10.601277
19 1765356226 5.452376 1 5.452376 5.452376 5.452376
28 1765356226 0.784405 1 0.784405 0.784405 0.784405
22 1765356226 4.638192 1 4.638192 4.638192 4.638192
24 1765356231 2.961800 1 2.961800 2.961800 2.961800
26 1765356231 54.560776 1 54.560776 54.560776 54.560776
22 1765356231 2.868505 1 2.868505 2.868505 2.868505
32 1765356236 0.000041 3 0.000041 0.000041 0.000041
26 1765356236 11.391344 2 11.391344 11.391344 11.391344
19 1765356236 11.297861 1 11.297861 11.297861 11.297861
28 1765356236 0.782715 3 0.782715 0.782715 0.782715
22 1765356236 2.121941 1 2.121941 2.121941 2.121941
24 1765356241 1.274153 1 1.274153 1.274153 1.274153
32 1765356246 0.000026 1 0.000026 0.000026 0.000026
26 1765356246 18.783943 2 18.783943 18.783943 18.783943
28 1765356246 0.693415 1 0.693415 0.693415 0.693415
32 1765356251 0.000025 1 0.000025 0.000025 0.000025
26 1765356251 11.459824 1 11.459824 11.459824 11.459824
28 1765356251 1.700663 1 1.700663 1.700663 1.700663
32 1765356256 0.000011 1 0.000011 0.000011 0.000011
28 1765356256 45.797457 1 45.797457 45.797457 45.797457
32 1765356271 0.000015 1 0.000015 0.000015 0.000015
28 1765356271 20.630177 1 20.630177 20.630177 20.630177
32 1765356286 0.000028 1 0.000028 0.000028 0.000028
32 1765356356 0.000048 2 0.000048 0.000048 0.000048
