1 1765356061 0.000000 1 0.000000 0.000000 0.000000
2 1765356061 0.000000 1 0.000000 0.000000 0.000000
3 1765356061 0.000000 1 0.000000 0.000000 0.000000
1 1765356066 0.000000 1 0.000000 0.000000 0.000000
2 1765356066 0.000000 1 0.000000 0.000000 0.000000
3 1765356066 0.000000 1 0.000000 0.000000 0.000000
1 1765356071 0.000000 1 0.000000 0.000000 0.000000
2 1765356071 0.000000 1 0.000000 0.000000 0.000000
3 1765356071 0.000000 1 0.000000 0.000000 0.000000
1 1765356076 0.000000 1 0.000000 0.000000 0.000000
2 1765356076 0.000000 1 0.000000 0.000000 0.000000
3 1765356076 0.000000 1 0.000000 0.000000 0.000000
1 1765356081 0.000000 1 0.000000 0.000000 0.000000
2 1765356081 0.000000 1 0.000000 0.000000 0.000000
3 1765356081 0.000000 1 0.000000 0.000000 0.000000
1 1765356086 0.000000 1 0.000000 0.000000 0.000000
2 1765356086 0.000000 1 0.000000 0.000000 0.000000
3 1765356086 0.000000 1 0.000000 0.000000 0.000000
1 1765356091 0.000000 1 0.000000 0.000000 0.000000
2 1765356091 0.000000 1 0.000000 0.000000 0.000000
3 1765356091 0.000000 1 0.000000 0.000000 0.000000
1 1765356096 0.000000 1 0.000000 0.000000 0.000000
2 1765356096 0.000000 1 0.000000 0.000000 0.000000
3 1765356096 0.000000 1 0.000000 0.000000 0.000000
1 1765356101 0.000000 1 0.000000 0.000000 0.000000
2 1765356101 0.000000 1 0.000000 0.000000 0.000000
3 1765356101 0.000000 1 0.000000 0.000000 0.000000
1 1765356106 0.000000 1 0.000000 0.000000 0.000000
2 1765356106 0.000000 1 0.000000 0.000000 0.000000
3 1765356106 0.000000 1 0.000000 0.000000 0.000000
1 1765356111 0.000000 1 0.000000 0.000000 0.000000
2 1765356111 0.000000 1 0.000000 0.000000 0.000000
3 1765356111 0.000000 1 0.000000 0.000000 0.000000
1 1765356116 0.000000 1 0.000000 0.000000 0.000000
2 1765356116 0.000000 1 0.000000 0.000000 0.000000
3 1765356116 0.000000 1 0.000000 0.000000 0.000000
1 1765356121 0.000000 1 0.000000 0.000000 0.000000
2 1765356121 0.000000 1 0.000000 0.000000 0.000000
3 1765356121 0.000000 1 0.000000 0.000000 0.000000
1 1765356126 0.000000 1 0.000000 0.000000 0.000000
2 1765356126 0.000000 1 0.000000 0.000000 0.000000
3 1765356126 0.000000 1 0.000000 0.000000 0.000000
1 1765356131 0.000000 1 0.000000 0.000000 0.000000
2 1765356131 0.000000 1 0.000000 0.000000 0.000000
3 1765356131 0.000000 1 0.000000 0.000000 0.000000
1 1765356136 0.000000 1 0.000000 0.000000 0.000000
2 1765356136 0.000000 1 0.000000 0.000000 0.000000
3 1765356136 0.000000 1 0.000000 0.000000 0.000000
1 1765356141 0.000000 1 0.000000 0.000000 0.000000
2 1765356141 0.000000 1 0.000000 0.000000 0.000000
3 1765356141 0.000000 1 0.000000 0.000000 0.000000
1 1765356146 0.000000 1 0.000000 0.000000 0.000000
2 1765356146 0.000000 1 0.000000 0.000000 0.000000
3 1765356146 0.000000 1 0.000000 0.000000 0.000000
1 1765356151 0.000000 1 0.000000 0.000000 0.000000
2 1765356151 0.000000 1 0.000000 0.000000 0.000000
3 1765356151 0.000000 1 0.000000 0.000000 0.000000
1 1765356156 0.000000 1 0.000000 0.000000 0.000000
2 1765356156 0.000000 1 0.000000 0.000000 0.000000
3 1765356156 0.000000 1 0.000000 0.000000 0.000000
1 1765356161 0.000000 1 0.000000 0.000000 0.000000
2 1765356161 0.000000 1 0.000000 0.000000 0.000000
3 1765356161 0.000000 1 0.000000 0.000000 0.000000
1 1765356166 0.000000 1 0.000000 0.000000 0.000000
2 1765356166 0.000000 1 0.000000 0.000000 0.000000
3 1765356166 0.000000 1 0.000000 0.000000 0.000000
1 1765356171 0.000000 1 0.000000 0.000000 0.000000
2 1765356171 0.000000 1 0.000000 0.000000 0.000000
3 1765356171 0.000000 1 0.000000 0.000000 0.000000
1 1765356176 0.000000 1 0.000000 0.000000 0.000000
2 1765356176 0.000000 1 0.000000 0.000000 0.000000
3 1765356176 0.000000 1 0.000000 0.000000 0.000000
1 1765356181 0.000000 1 0.000000 0.000000 0.000000
2 1765356181 0.000000 1 0.000000 0.000000 0.000000
3 1765356181 0.000000 1 0.000000 0.000000 0.000000
1 1765356186 0.000000 1 0.000000 0.000000 0.000000
2 1765356186 0.000000 1 0.000000 0.000000 0.000000
3 1765356186 0.000000 1 0.000000 0.000000 0.000000
1 1765356191 0.000000 1 0.000000 0.000000 0.000000
2 1765356191 0.000000 1 0.000000 0.000000 0.000000
3 1765356191 0.000000 1 0.000000 0.000000 0.000000
1 1765356196 0.000000 1 0.000000 0.000000 0.000000
2 1765356196 0.000000 1 0.000000 0.000000 0.000000
3 1765356196 0.000000 1 0.000000 0.000000 0.000000
1 1765356201 0.000000 1 0.000000 0.000000 0.000000
2 1765356201 0.000000 1 0.000000 0.000000 0.000000
3 1765356201 0.000000 1 0.000000 0.000000 0.000000
1 1765356206 0.000000 1 0.000000 0.000000 0.000000
2 1765356206 0.000000 1 0.000000 0.000000 0.000000
3 1765356206 0.000000 1 0.000000 0.000000 0.000000
1 1765356211 0.000000 1 0.000000 0.000000 0.000000
2 1765356211 0.000000 1 0.000000 0.000000 0.000000
3 1765356211 0.000000 1 0.000000 0.000000 0.000000
1 1765356216 0.000000 1 0.000000 0.000000 0.000000
2 1765356216 0.000000 1 0.000000 0.000000 0.000000
3 1765356216 0.000000 1 0.000000 0.000000 0.000000
1 1765356221 0.000000 1 0.000000 0.000000 0.000000
2 1765356221 0.000000 1 0.000000 0.000000 0.000000
3 1765356221 0.000000 1 0.000000 0.000000 0.000000
1 1765356226 0.000000 1 0.000000 0.000000 0.000000
2 1765356226 0.000000 1 0.000000 0.000000 0.000000
3 1765356226 0.000000 1 0.000000 0.000000 0.000000
1 1765356231 0.000000 1 0.000000 0.000000 0.000000
2 1765356231 0.000000 1 0.000000 0.000000 0.000000
3 1765356231 0.000000 1 0.000000 0.000000 0.000000
1 1765356236 0.000000 1 0.000000 0.000000 0.000000
2 1765356236 0.000000 1 0.000000 0.000000 0.000000
3 1765356236 0.000000 1 0.000000 0.000000 0.000000
1 1765356241 0.000000 1 0.000000 0.000000 0.000000
2 1765356241 0.000000 1 0.000000 0.000000 0.000000
3 1765356241 0.000000 1 0.000000 0.000000 0.000000
1 1765356246 0.000000 1 0.000000 0.000000 0.000000
2 1765356246 0.000000 1 0.000000 0.000000 0.000000
3 1765356246 0.000000 1 0.000000 0.000000 0.000000
1 1765356251 0.000000 1 0.000000 0.000000 0.000000
2 1765356251 0.000000 1 0.000000 0.000000 0.000000
3 1765356251 0.000000 1 0.000000 0.000000 0.000000
1 1765356256 0.000000 1 0.000000 0.000000 0.000000
2 1765356256 0.000000 1 0.000000 0.000000 0.000000
3 1765356256 0.000000 1 0.000000 0.000000 0.000000
1 1765356261 0.000000 1 0.000000 0.000000 0.000000
2 1765356261 0.000000 1 0.000000 0.000000 0.000000
3 1765356261 0.000000 1 0.000000 0.000000 0.000000
1 1765356266 0.000000 1 0.000000 0.000000 0.000000
2 1765356266 0.000000 1 0.000000 0.000000 0.000000
3 1765356266 0.000000 1 0.000000 0.000000 0.000000
1 1765356271 0.000000 1 0.000000 0.000000 0.000000
2 1765356271 0.000000 1 0.000000 0.000000 0.000000
3 1765356271 0.000000 1 0.000000 0.000000 0.000000
1 1765356276 0.000000 1 0.000000 0.000000 0.000000
2 1765356276 0.000000 1 0.000000 0.000000 0.000000
3 1765356276 0.000000 1 0.000000 0.000000 0.000000
1 1765356281 0.000000 1 0.000000 0.000000 0.000000
2 1765356281 0.000000 1 0.000000 0.000000 0.000000
3 1765356281 0.000000 1 0.000000 0.000000 0.000000
1 1765356286 0.000000 1 0.000000 0.000000 0.000000
2 1765356286 0.000000 1 0.000000 0.000000 0.000000
3 1765356286 0.000000 1 0.000000 0.000000 0.000000
1 1765356291 0.000000 1 0.000000 0.000000 0.000000
2 1765356291 0.000000 1 0.000000 0.000000 0.000000
3 1765356291 0.000000 1 0.000000 0.000000 0.000000
1 1765356296 0.000000 1 0.000000 0.000000 0.000000
2 1765356296 0.000000 1 0.000000 0.000000 0.000000
3 1765356296 0.000000 1 0.000000 0.000000 0.000000
1 1765356301 0.000000 1 0.000000 0.000000 0.000000
2 1765356301 0.000000 1 0.000000 0.000000 0.000000
3 1765356301 0.000000 1 0.000000 0.000000 0.000000
1 1765356306 0.000000 1 0.000000 0.000000 0.000000
2 1765356306 0.000000 1 0.000000 0.000000 0.000000
3 1765356306 0.000000 1 0.000000 0.000000 0.000000
1 1765356311 0.000000 1 0.000000 0.000000 0.000000
2 1765356311 0.000000 1 0.000000 0.000000 0.000000
3 1765356311 0.000000 1 0.000000 0.000000 0.000000
1 1765356316 0.000000 1 0.000000 0.000000 0.000000
2 1765356316 0.000000 1 0.000000 0.000000 0.000000
3 1765356316 0.000000 1 0.000000 0.000000 0.000000
1 1765356321 0.000000 1 0.000000 0.000000 0.000000
2 1765356321 0.000000 1 0.000000 0.000000 0.000000
3 1765356321 0.000000 1 0.000000 0.000000 0.000000
1 1765356326 0.000000 1 0.000000 0.000000 0.000000
2 1765356326 0.000000 1 0.000000 0.000000 0.000000
3 1765356326 0.000000 1 0.000000 0.000000 0.000000
1 1765356331 0.000000 1 0.000000 0.000000 0.000000
2 1765356331 0.000000 1 0.000000 0.000000 0.000000
3 1765356331 0.000000 1 0.000000 0.000000 0.000000
1 1765356336 0.000000 1 0.000000 0.000000 0.000000
2 1765356336 0.000000 1 0.000000 0.000000 0.000000
3 1765356336 0.000000 1 0.000000 0.000000 0.000000
1 1765356341 0.000000 1 0.000000 0.000000 0.000000
2 1765356341 0.000000 1 0.000000 0.000000 0.000000
3 1765356341 0.000000 1 0.000000 0.000000 0.000000
1 1765356346 0.000000 1 0.000000 0.000000 0.000000
2 1765356346 0.000000 1 0.000000 0.000000 0.000000
3 1765356346 0.000000 1 0.000000 0.000000 0.000000
1 1765356351 0.000000 1 0.000000 0.000000 0.000000
2 1765356351 0.000000 1 0.000000 0.000000 0.000000
3 1765356351 0.000000 1 0.000000 0.000000 0.000000
1 1765356356 0.000000 1 0.000000 0.000000 0.000000
2 1765356356 0.000000 1 0.000000 0.000000 0.000000
3 1765356356 0.000000 1 0.000000 0.000000 0.000000
